121.53125	53.94469643	-0.146969369	-0.321726037	3.779264214	27.23826073	7.771834751	60.84489864	0	
112.4375	52.3218331	0.161313622	-0.103075193	3.285117057	19.10540589	7.929715536	73.35874656	0	
126.75	50.48622956	-0.004164052	-0.379142572	2.887959866	22.78705748	8.405041493	72.63329758	0	
96.71875	47.1201817	0.30241791	0.016210988	7.251672241	35.63033973	5.152352585	25.98671613	0	
143.1484375	56.07083827	-0.270948909	-0.550781493	1.914715719	15.44402183	10.56356751	129.3156193	0	
98.84375	39.88292192	0.612728481	2.167104705	2.158026756	16.41144099	10.10050113	117.930302	0	
107.6953125	42.26563294	0.301281845	0.913859927	2.120401338	19.33468348	9.854914538	101.5080362	0	
133.2578125	44.05824378	-0.081059862	0.115361506	1.632107023	12.00780568	11.97206663	195.5434476	0	
162.0390625	67.43937119	-0.91177587	-0.229593131	0.807692308	10.85291483	21.27481427	483.2512698	0	
129.96875	48.0533456	-0.15075144	-0.264581305	5.232441472	24.44051856	5.935089471	39.8053838	0	
126.2734375	51.96418761	0.059317479	-0.175435686	3.941471572	22.21162097	7.042359166	53.86795193	0	
105.5	41.84177787	0.41714868	0.860092995	2.08277592	19.14167399	10.14673318	107.6216551	1	
74.3828125	35.87459083	0.988881351	3.939379287	0.795150502	10.59085599	17.25416792	343.5047417	0	
109.9375	53.20152577	0.265362845	-0.277569844	2.053511706	14.00646576	10.44384605	138.4049325	0	
12.765625	31.97007497	5.879498662	35.61346695	24.60702341	48.90039447	2.374916068	5.515552218	1	
102.8125	47.56553867	0.198094298	-0.031444251	3.81270903	23.22011956	8.215149218	72.82167658	0	
109.3828125	48.99156833	0.232841575	0.105784536	0.945652174	12.0495586	14.8422644	245.358921	0	
60.2109375	50.80041405	2.021413855	4.14043647	23.73411371	55.5738793	2.424503025	5.009978722	1	
138.5078125	54.19870791	-0.171168813	-0.162973618	4.260869565	25.44888984	7.110818598	53.37227689	0	
128.1171875	54.11671719	-0.07155776	-0.406188468	4.513377926	22.08627023	6.732853511	52.82077016	0	
124.2265625	49.76463586	-0.078626992	0.018097348	1.653846154	10.96805533	13.37211061	256.5692616	0	
87.4453125	38.90429134	0.638496694	1.80008254	4.086120401	23.83317384	6.986323994	53.38874566	0	
114.828125	49.34526152	0.311848382	0.325870987	2.782608696	19.95164469	8.686354113	80.77518952	0	
136.3125	44.39730953	-0.13387167	0.125967956	4.705685619	25.22183189	6.159789294	40.57325885	0	
107.546875	45.32001823	0.35828446	0.741843588	1.622073579	11.82569821	12.00796612	199.7906326	0	
89.3359375	44.80256643	0.771258274	1.143718465	3.89632107	23.76468291	7.015481231	53.4797851	1	
133.1875	50.33338076	-0.034396695	0.059127393	5.214882943	25.57064081	5.885174279	37.2111109	0	
120.3046875	48.58426292	0.251882688	0.240696588	3.201505017	20.24677268	7.531323655	62.53355597	0	
131.25	46.87949978	0.041032378	0.13208735	0.992474916	9.575039504	18.02280786	426.875296	0	
104.390625	41.81081543	0.402475949	0.899733946	2.797658863	18.09037682	8.439347682	84.84321638	0	
97.21875	43.08130712	0.473588709	0.725724776	1.484113712	14.8729485	12.61022433	175.1765767	0	
110.2421875	51.48827932	0.229289235	-0.29894509	2.497491639	16.22178519	8.658736221	89.66608114	0	
119.046875	47.54354244	0.012741208	0.003234809	6.030936455	26.28951645	5.200120869	30.18359677	0	
147.1796875	54.40063097	-0.276795859	-0.40409455	5.303511706	27.96454434	6.306189084	41.31959555	0	
117.296875	45.02470839	-0.137827106	0.087790402	3.698996656	21.10365481	6.481212068	46.75754303	0	
121.6484375	45.40195306	0.22091876	0.32253057	2.330267559	15.88657919	8.964862462	98.62992677	0	
74.9765625	36.80193287	1.068892469	3.561126005	1.480769231	15.32765217	11.75165168	150.8261981	0	
65.0703125	47.29366098	1.457665248	3.180849425	39.44732441	72.11873386	1.59027261	1.004465099	0	
121.984375	44.33466201	-0.005426869	0.105549416	3.835284281	23.6039392	6.941638786	50.99656915	0	
90.609375	41.01376186	0.544927631	0.915319641	1.776755853	13.90523932	11.45874085	160.7890124	0	
80.0078125	36.06991823	0.922213644	3.422084829	3.317725753	22.45815999	8.015107856	68.77648646	0	
101.5078125	32.19229238	0.663280718	3.854626135	6.214046823	27.2925009	5.342782924	31.25518012	0	
121.140625	54.98817122	0.097811212	-0.480920149	1.164715719	13.77550996	13.78602442	204.8889146	0	
109.171875	41.10088757	0.434616861	0.737121615	1.805183946	16.08218878	10.35694745	117.5187688	0	
106.984375	35.00870079	0.192885206	2.362172001	2.695652174	18.4599634	8.542611847	81.81788799	0	
135.28125	52.05720074	-0.138226647	-0.394910135	2.926421405	16.14714749	8.379867649	89.63323412	0	
130.7578125	53.40817852	0.062166302	-0.498907027	109.7307692	92.23929775	-0.285469607	-1.788139893	0	
94.421875	35.51135588	0.499086302	2.150677443	3.075250836	15.88191235	7.330399266	73.82696615	0	
117.9140625	50.38430859	0.590232622	0.373170488	1.185618729	12.3220712	13.38378011	211.4591628	0	
121.7734375	52.66821486	-0.063710044	-0.277461009	4.820234114	25.86394086	6.406243178	44.43330029	0	
119.8046875	51.52048418	0.184080121	-0.166488297	2.943143813	20.517676	7.819866026	66.43519791	0	
121.5546875	47.62677303	0.162657229	0.080053109	1.005852843	13.62447136	14.9834857	234.9508313	0	
127.4609375	56.10117846	-0.124275135	-0.246128035	2.06187291	18.08132459	9.946219884	104.9675748	0	
143.71875	47.89554675	-0.099594314	-0.296106587	1.238294314	14.07674516	13.19715285	192.3290727	0	
26.765625	27.3585808	6.098885783	42.26782453	25.2951505	55.10848841	2.403071004	5.152959243	1	
34.3984375	37.95563608	3.460571857	14.42589355	12.00501672	33.99608931	4.112380203	19.10059025	1	
43	28.46653737	4.154733368	25.62494676	25.64381271	57.61593129	2.477722851	5.393948282	1	
135.5234375	50.02233327	-0.183039141	-0.076321772	4.334448161	22.58270235	6.212799132	43.32069298	0	
88.34375	39.93245029	0.681377526	1.411464091	44.66889632	74.658794	1.17853169	-0.397269312	0	
140.03125	51.12758818	-0.021421445	-0.153224855	1.779264214	12.67841653	12.73910979	209.6325802	0	
114.5625	49.02960681	-0.088392656	-0.371767331	0.682274247	9.586748109	20.89849632	492.1446114	0	
117.5546875	45.20056149	0.301001383	0.663915384	2.153010033	15.64149462	9.050225813	97.09075921	0	
109.4140625	44.59164148	0.352249945	0.369263747	2.5	23.05647784	9.187374841	83.13303549	0	
113.46875	46.20672595	0.296111921	0.131691518	3.68729097	17.63654439	6.69242179	57.86848204	0	
104.84375	56.48305021	0.338344682	-0.427984782	0.830267559	10.69572103	16.86397867	332.9113375	0	
139.734375	48.17699859	-0.090650434	-0.122919869	110.8586957	69.43297049	-0.897295829	-1.007375397	0	
93.3984375	34.87081961	0.655722286	2.870797141	3.25083612	17.58221845	7.687244233	73.16010369	0	
100.9921875	51.94956931	0.477132436	0.189935593	3.492474916	20.94412323	7.4455145	61.47009275	0	
125.84375	52.77642074	-0.098095663	-0.22175311	1.940635452	13.27446266	11.52306288	169.9159699	0	
89.4375	40.02045375	0.632412945	1.544752713	3.816053512	24.70473686	7.099364132	52.46122835	0	
129.375	44.56841651	0.049779493	0.506330188	3.60451505	21.13303805	7.181384025	56.85662961	0	
114.1015625	45.52675035	-0.019220557	0.02376477	1.488294314	11.29687692	12.93588073	232.3618751	0	
125.125	51.21736766	0.044442713	-0.392104632	3.001672241	18.48917239	8.743455938	92.54583385	0	
94.5546875	39.93076207	0.659774666	1.53300253	1.030100334	11.61185663	15.36656401	274.5469699	0	
98.359375	36.1809114	0.471384668	2.51355235	2.657190635	14.66400298	8.445619819	98.23046661	0	
124.6640625	52.67015244	0.050878103	-0.293811971	1.689799331	13.68451006	11.85657133	170.9244113	0	
80.140625	34.42626504	1.697879018	6.213363906	7.822742475	38.34193567	5.048003598	24.8022771	1	
103.734375	46.94852307	0.291365007	0.208281342	0.773411371	11.93795255	17.02761622	307.5681724	0	
99.5234375	38.97173752	0.376486768	1.4110798	97.9590301	84.22760906	-0.262430376	-1.839755562	0	
125.4765625	48.65294262	0.039572371	0.119805339	3.127090301	17.03450861	7.521032115	70.75118553	0	
123.8828125	45.00028144	0.168711456	0.358610975	3.72826087	26.41080599	7.453443939	55.8884747	0	
116.53125	49.84114413	0.130423058	-0.197497224	7.783444816	33.98198067	4.571844719	20.83123349	0	
117.0703125	51.67993197	0.097780347	-0.19728994	1.744147157	17.30369374	11.14414124	131.3208933	0	
110.6953125	42.55631537	0.21647461	0.384655218	8.761705686	36.27117172	4.306989059	18.13868425	0	
151.4140625	41.93121737	-0.175096769	0.69161283	133.5752508	82.27019391	-0.947434926	-0.956739818	0	
112.2109375	44.96190268	0.451388309	0.556650655	2.009197324	16.81253362	10.06676163	113.7440184	0	
120.2578125	58.63196202	0.36830849	-0.898550474	4.782608696	26.33930069	6.958808418	54.09751505	0	
88.984375	40.97140473	0.504127554	1.56231796	2.397157191	15.36861324	8.69239879	95.55543287	0	
140.2890625	48.13882145	-0.065043535	0.064002457	5.127926421	26.63775057	5.638643749	33.12675832	0	
137.1015625	45.41249137	-0.190334939	0.242736911	15.07525084	49.09050092	3.254107269	9.369619089	0	
133.890625	53.68284095	0.122658441	-0.470101751	5.248327759	29.69354691	5.876744892	34.23117978	0	
132.625	49.28171568	-0.003375275	-0.303482561	2.880434783	15.26679957	8.090140854	89.66009901	0	
113.7890625	40.59030294	0.433673509	0.967505478	3.4590301	17.99714285	6.895982415	59.05837073	0	
108.390625	52.52844979	0.234966079	0.040630746	2.601170569	19.33126893	9.156936033	94.94446643	0	
103.171875	46.54418421	0.593059399	0.437705044	1.456521739	14.80810191	11.65564845	148.7780086	0	
111.359375	39.6405203	0.575477852	1.432086298	7.366220736	32.05612234	4.723012368	22.63979899	0	
111.5390625	34.81915384	0.51732535	1.94197775	1.345317726	12.26881136	13.29343747	215.2279233	0	
110.84375	49.11123177	0.843233364	0.972377784	105.0794314	83.56874613	-0.238050979	-1.514136829	0	
145.3203125	55.87163491	-0.428448508	-0.641908987	59.23494983	35.48562971	-0.649044273	0.796461876	0	
121.421875	51.38756072	0.366200576	0.02369523	2.777591973	22.18685545	8.655175394	78.04096005	0	
86.203125	34.48241385	0.606305871	3.439705214	2.356187291	15.617348	8.584543875	90.79819766	0	
120.71875	43.27454822	0.050645821	0.108744274	1.307692308	12.54126197	12.22553547	183.9221061	0	
86.5390625	38.71145307	1.803818291	5.52675691	10.14046823	37.15085402	4.034846654	16.83663613	1	
107.8671875	49.49642839	0.252395662	0.007856047	2.22993311	14.59600235	10.70871644	146.8479018	0	
132.0703125	47.65930254	0.008241984	0.330618487	12.49331104	43.62333979	3.534503814	11.4805137	0	
81.6796875	54.5455563	0.797273443	0.169372007	61.17140468	82.58646964	1.053596065	-0.270882096	0	
148.1484375	44.69498886	-0.226420919	0.160191861	3.648829431	25.93445089	7.476385122	56.5866248	0	
126.390625	61.39093917	-0.024067688	-0.818730198	4.213210702	23.09603752	7.416198519	61.51938137	0	
103.5	50.15335856	0.265518886	-0.023731072	0.58361204	9.644285344	20.42471843	468.8224701	0	
111.46875	48.50015101	0.216543716	0.025492944	1.453177258	11.80500638	13.23931975	224.732005	0	
147.1015625	50.32470191	-0.797783316	0.147755616	107.4673913	110.6422106	0.072755232	-1.976975603	0	
113.8046875	46.10044377	0.201394608	-0.045373971	4.345317726	27.25106828	6.814849358	47.42475806	0	
154.46875	49.33921765	-0.530482643	-0.001345896	2.239966555	19.13720329	9.466690851	94.73338147	0	
118.46875	52.18266258	0.160420734	-0.150358826	3.413879599	25.24091495	7.708200503	59.73388067	0	
111.1171875	46.58453692	0.35900296	0.077005281	2.275083612	14.05937295	9.571366585	121.543941	0	
117.8671875	61.86469246	0.484945313	-0.467291504	150.1538462	80.91702516	-0.95108566	-0.463280145	0	
114.4765625	59.50419692	0.329830524	-0.496887464	18.73076923	54.45721302	2.76891555	6.203985902	0	
105.3828125	47.4651387	0.469712672	0.360433385	2.316889632	14.00122124	9.493822245	120.1010674	0	
137.3125	53.9784028	-0.159562129	-0.461360641	3.009197324	19.43419776	7.538533222	63.86921455	0	
132.96875	38.44820735	0.179088028	1.520396254	3.24916388	22.27094011	8.354503647	75.55921238	0	
93.9453125	46.83153128	0.437060582	0.164285302	3.523411371	24.36453822	7.643728055	61.21426093	0	
115.328125	42.04816981	0.173710743	0.986479938	3.673913043	17.79135923	6.585335304	55.94080284	0	
100.6640625	50.37302684	0.174166827	-0.047649216	2.872073579	16.61202538	8.49188416	87.53202183	0	
110.2421875	44.72550763	0.431287252	0.734862495	3.200668896	20.66943682	7.851218057	69.93108364	0	
135.03125	48.38403299	0.015613299	-0.393499062	58.0409699	85.26783002	0.809507618	-1.294084307	0	
128.3828125	51.12929705	-0.09554035	-0.192755711	22.01170569	59.72468773	2.550922925	4.987446703	0	
105.59375	37.15769551	0.022930504	1.51900181	2.102842809	13.48752521	9.62454184	127.9719202	0	
111.0390625	50.45920418	0.662563041	0.537520367	8.74916388	38.00634462	4.566126261	20.39295779	0	
116.296875	40.84600642	0.123292108	0.764691682	2.198160535	17.27400748	10.71319238	129.369986	0	
130.4453125	46.66600218	-0.124612323	0.137835622	0.988294314	10.03613189	16.83692711	365.8467407	0	
145.1875	49.58306635	-0.187676852	-0.338462778	3.466555184	17.9183316	6.93427423	59.61110738	0	
72.5546875	43.58268159	1.195781848	2.473270911	6.727424749	34.66421753	5.413840112	29.12908212	1	
144.03125	46.46839274	0.043281259	0.026995933	3.524247492	18.15822084	7.553620154	69.87855367	0	
123.9765625	55.7622555	0.132095928	-0.669922519	3.418896321	21.80441206	7.474734338	61.00222792	0	
108.265625	51.69811475	0.253484823	0.06801626	1.859531773	12.46923979	11.13580839	170.2881082	0	
123.6171875	52.16307379	0.032634719	-0.359665022	0.701505017	9.05189596	21.20130294	542.7889663	0	
94.2265625	48.78639905	0.652486883	1.152787399	2.591137124	17.45302022	8.836824242	88.69667966	0	
104.90625	51.18478129	0.208787355	-0.185588612	1.878762542	12.47872506	11.4143719	178.2598023	0	
88.515625	43.69639294	0.625162657	0.806740712	1.460702341	10.69379032	14.00460223	278.8156257	0	
132.7265625	53.27049413	-0.112342598	-0.33914866	4.056856187	25.58493191	6.961199498	50.70236009	0	
103.578125	45.16663754	0.552354568	0.777646322	21.82107023	51.1771769	2.398916373	4.759216603	1	
122.0703125	47.48226373	-0.015099596	0.220692473	2.210702341	16.71272378	8.974707485	91.75197547	0	
101.1796875	46.49553634	0.475471376	0.338093711	0.821070234	11.84832055	18.28340376	366.3885004	0	
155.515625	45.6362973	-0.250418306	0.392090588	23.2909699	59.90103839	2.301092596	3.570090979	0	
89.4296875	47.19469044	0.411052207	0.323261417	4.454013378	27.65685686	6.627542223	44.98953565	0	
98.078125	50.43306352	0.678554487	0.641073274	0.91722408	9.776978163	18.28692566	417.3314348	1	
109.984375	47.0421992	0.299245807	0.131058733	2.102842809	14.06549272	9.888493413	125.3145862	0	
143.2890625	50.18032364	-0.006188755	-0.361386942	2.129598662	17.37715873	9.899718403	108.8940648	0	
79.984375	37.2891959	1.049539263	2.713386633	2.304347826	17.74873912	8.868253733	87.02630785	0	
97.2421875	53.48857152	0.474393515	0.124106727	2.41722408	18.36982597	8.632126469	82.29290789	0	
74.8515625	40.67421823	2.386679041	7.828106505	33.18227425	65.2966876	1.996087475	2.830099501	1	
97.6875	53.74109665	0.655981731	0.409275055	5.296822742	28.38120857	5.968260579	37.51681142	0	
143.875	50.15351433	-0.056055949	-0.067105666	4.653010033	25.94622364	6.380906193	43.34175177	0	
99.671875	54.0335702	0.562282694	0.048461031	3.011705686	18.64556391	8.910137616	91.63180149	0	
133.8984375	46.92977464	0.038795175	-0.092671308	2.671404682	19.56153703	8.574377932	80.79545142	0	
119.4609375	51.2304692	-0.058577693	-0.263184609	23.2909699	50.58871428	1.974391061	2.582679032	0	
27.0390625	33.75472243	4.779123745	26.25535718	129.8637124	78.8154399	-0.348492115	-0.893790697	1	
48.09375	39.64499446	2.769881783	9.862980618	25.33862876	58.64148953	2.489473517	5.13537017	1	
109.3515625	50.80870832	-0.010264136	-0.241168441	3.034280936	16.93301762	7.572431209	71.972257	0	
123.609375	51.89235167	0.288273695	-0.199180927	29.03929766	67.63356137	1.915681139	1.71884507	0	
133.171875	42.96293995	0.208244092	0.423975193	122.6931438	75.52785475	-0.96155345	-0.960651987	0	
105.9140625	42.60777279	0.321508839	0.817274676	1.805183946	12.52307595	11.03269206	166.4132425	0	
101.96875	43.65309581	0.302174201	0.293891158	3.85367893	21.11173083	8.275071697	80.74229483	0	
150.0625	42.05219042	-0.327481721	0.818220506	5.908862876	25.73571406	4.914791961	26.46176929	0	
38.984375	32.87238211	4.325521261	22.71500718	19.15384615	47.67966981	2.98125434	8.742633981	1	
30.1015625	37.99585501	4.505472298	20.78517939	75.45234114	78.74218273	0.894009245	-0.437248907	1	
112.171875	51.78970539	0.40431972	-0.023684944	1.969063545	12.64150194	11.15470066	169.3052582	0	
112.8671875	47.08940484	0.266959232	0.429016663	25.50250836	67.52319676	2.287294178	3.288400847	0	
142.1875	50.52300683	-0.023453554	-0.385203339	1.37458194	12.68621125	13.89036751	224.5392954	0	
105.6484375	38.44996543	0.381201995	1.598276125	4.85367893	28.53577514	6.375103077	41.48234563	0	
117.671875	38.61551449	0.340664965	1.471322804	1.328595318	14.53832043	11.9794173	154.8049571	0	
119.5078125	47.35058673	0.335982346	0.208451287	1.046822742	11.96068595	14.2503311	235.7783653	0	
117.3515625	43.28423317	0.11965457	0.712320952	3.199832776	17.30991461	8.279671798	88.36750745	0	
115.71875	50.80291845	0.16712822	0.076632337	1.564381271	15.87866942	11.65492915	147.1723234	0	
98.640625	41.00776115	0.43616086	0.827374108	1.197324415	11.00803262	14.56606146	273.2288525	0	
118.6796875	53.71829495	-0.207522266	-0.189785237	3.913043478	26.00824664	6.997533721	49.40913624	0	
118.96875	48.42454464	0.285743506	0.261676132	1.177257525	11.88245177	13.52758114	224.3915964	0	
122.9609375	50.77083968	-0.100266991	-0.245821467	1.456521739	11.16030723	13.47844552	248.4202528	0	
132.9921875	50.52884326	-0.057066617	-0.392244981	1.454013378	13.3841015	11.35694896	155.3946614	0	
119.2890625	52.63556194	-0.147235723	-0.583517234	1.305183946	15.10469616	12.48366325	163.3879686	0	
111.6875	52.08777898	0.144344226	-0.163360576	2.668896321	16.64127929	10.36482069	128.6428246	0	
23.8984375	28.72603345	6.29121151	42.36494076	86.20819398	73.79103167	0.47020447	-0.597070578	1	
132.5234375	42.94727233	-0.193916328	0.47648363	1.751672241	14.19775663	12.01133315	169.6964841	0	
127.890625	49.80512561	-0.296714236	-0.107632494	2.358695652	13.01828915	9.481163882	135.0764025	0	
108.765625	59.39821709	0.129117577	-0.734403656	10.44899666	39.57966743	4.149145439	16.95093355	0	
123.140625	49.76471742	-0.023037746	0.023638	2.045986622	13.73678966	10.30376443	141.1183268	0	
82.328125	33.7622916	1.403836161	5.352269655	2.086120401	18.42289658	9.510244416	94.88604956	1	
116.9765625	41.61682819	0.1291729	0.61396047	1.242474916	15.22643149	13.50540919	193.8022286	0	
37.0546875	35.93838229	3.992493615	18.97021298	61.60451505	75.61451666	0.983834469	-0.2113352	1	
68.8984375	35.40057376	2.0868649	8.762020548	2.352842809	19.72056251	9.892058464	103.6705375	1	
122.0703125	41.67830363	0.07383774	0.453627093	2.493311037	17.36464488	8.571393443	86.36392203	0	
123.3984375	48.63613944	0.338909488	0.021591875	3.397157191	23.55610165	8.637459753	77.83613063	0	
101.1796875	47.44922181	0.642791411	0.871647087	0.471571906	9.714315258	21.85926848	501.6352286	0	
50.609375	35.50203215	3.667239216	16.4699669	11.73578595	39.9579891	3.982307101	16.36454974	1	
19.4140625	36.90306715	4.574662379	22.17394704	16.5777592	40.84932105	3.139949017	10.35582939	1	
92.203125	32.90311521	0.720583437	3.691190181	1.826923077	16.51206038	11.17462275	136.7864036	0	
112.2734375	42.33953436	0.20106591	0.186554371	2.93729097	21.30684992	8.357816892	73.43365677	0	
113.3046875	49.47988205	0.010031245	-0.087848938	1.93812709	17.78060792	10.34715643	115.2600475	0	
70.265625	36.28327877	0.902316451	3.955729516	1.522575251	15.24275118	11.97881943	159.441594	0	
98.6015625	45.14167625	0.524151545	0.780786516	2.617056856	19.75952021	9.079536786	89.57495532	0	
135.828125	47.23976565	-0.061783645	-0.305729848	5.590301003	28.63758738	5.724970022	34.24100931	0	
82.234375	36.1292135	0.89089671	2.863593784	9.016722408	35.90753251	4.267812218	18.32350327	0	
124.6875	42.56534499	0.1303744	0.520167117	2.678093645	16.94657812	9.392246181	107.5147863	0	
112.40625	54.05327775	0.14816331	-0.27041405	3.329431438	19.44910613	7.43694521	62.50174165	0	
116.59375	50.21771934	0.358163993	-0.151745685	1.545986622	11.62601708	12.63471299	217.1031879	0	
123.421875	55.89857016	0.065433913	-0.434410778	86.54180602	84.6975186	-0.020252853	-1.948954964	0	
102.2265625	44.21860024	0.561885505	0.553278062	1.456521739	10.82502748	13.90309365	270.9024696	0	
121.5625	52.72344563	0.07990983	-0.145120812	4.535953177	25.48009673	6.310850844	42.60462303	0	
101.53125	46.09618638	0.335135522	0.290105309	2.617892977	18.48438682	9.112438384	94.73189039	0	
117.71875	47.7272422	0.289719843	0.287669999	117.2943144	75.62075551	-0.847391839	-1.141512733	0	
108.9375	50.04150621	0.336234187	-0.081059164	5.87458194	29.54596763	6.443354577	43.60308767	0	
100.4296875	46.22764385	0.39797487	0.164391323	2.605351171	17.64660819	9.210403985	99.39401087	0	
138.9375	44.45059582	0.148985754	0.347861294	1.005852843	14.0508798	15.03442025	234.2805508	0	
76.1171875	35.04230058	1.554362622	6.395422289	3.465719064	23.74138806	8.109397541	69.62443497	1	
130.421875	46.2749273	0.300622824	-0.131326438	2.720735786	17.46508044	8.005016839	74.69433372	0	
119.9609375	42.03372945	0.130255692	0.636325117	2.059364548	13.5090947	10.29728368	140.0238015	0	
78.125	35.32262023	0.9074012	3.710627948	3.005016722	16.68230517	8.010641112	83.69941769	0	
122.515625	48.03855619	0.062231187	0.02953647	1.546822742	13.07907447	11.28079338	159.9311114	0	
102.6640625	48.71541679	0.390332676	0.203373236	1.725752508	15.55726413	11.07803688	137.4626716	0	
86.6640625	39.45770626	0.561137806	1.681159068	1.282608696	11.70750261	13.78901987	237.0615432	0	
128.65625	90.25055726	-0.022991972	-1.668540363	2.54180602	22.37759177	8.947224543	79.61374407	0	
135.578125	41.03401968	-0.248317225	0.582762458	13.55434783	46.6903579	3.383874579	10.12858769	0	
123.390625	45.03492297	0.371588648	0.20792817	3.255016722	19.90754592	7.242301988	58.53251353	0	
134.5703125	49.70533227	-0.112589795	-0.209038779	1.969899666	17.20783141	10.60108487	121.80161	0	
114.375	44.19523447	0.315457401	0.359005133	1.892140468	17.60888453	10.3313265	113.5561402	0	
51.765625	28.01157249	4.106637024	25.2795918	25.71153846	60.54615891	2.420031117	4.672226562	1	
124.8125	48.19179618	0.057908897	0.014006738	0.282608696	7.565681088	32.19858411	1072.957979	0	
122.703125	50.80590507	0.175092973	-0.327328114	1.559364548	15.38879585	12.15333687	160.802407	0	
120.7265625	50.47225643	0.346178079	0.184797225	0.769230769	11.79260254	17.66222194	329.5480159	0	
122.46875	47.93011473	0.0675396	-0.153882174	3.855351171	21.64864567	6.722928938	50.18313992	0	
138.5	49.73884925	-0.300892681	-0.146276763	9.009197324	41.72922849	4.488027659	18.50531925	0	
122.5234375	51.22849623	0.104359193	-0.342840162	2.240802676	13.63875334	9.935937695	133.079247	0	
139.3671875	49.40266173	-0.087925217	-0.071445307	6.176421405	28.60148532	5.880386974	37.9369415	0	
76.96875	41.42876746	2.108866449	6.045174894	30.04264214	60.05531749	2.144710526	3.704627298	1	
115.078125	36.16598224	0.365580485	1.666648595	1.204013378	12.15948302	14.41634865	250.5157561	0	
103.3515625	49.83607344	0.848203817	0.544005683	70.12876254	65.27989756	0.139026722	-1.339708684	0	
129.4609375	53.53969064	0.010610394	-0.328770172	10.6638796	38.02244628	4.172616486	17.81466538	0	
128.546875	44.27045067	0.169776811	-0.040296605	2.254180602	18.63082481	10.36052585	117.1255424	0	
131.2578125	49.71987877	-0.04712599	-0.051165465	2.54180602	16.58980098	8.348104181	83.53161022	0	
12.203125	31.2170725	5.926254772	36.8500351	98.86789298	77.91638134	0.156919399	-1.081045933	1	
132.7734375	52.39546361	0.076061823	-0.48729478	3.18812709	18.45659899	8.023933998	76.11954729	0	
130.0546875	52.7023346	0.126536137	-0.382977193	2.554347826	17.96362609	9.160959055	96.05198004	0	
96.640625	44.66590114	0.523929543	0.808013429	5.02173913	28.19380839	5.906598881	35.28239649	0	
107.4453125	51.55697828	0.412989953	-0.214228252	1.724080268	14.35022247	11.47399087	152.0257932	0	
130.5	48.99776781	-0.081944534	-0.158658453	2.982441472	19.13712687	8.395165424	79.59479177	0	
113.6328125	48.85003696	0.390754305	-0.107216296	3.948996656	25.04450702	7.208088649	54.588367	0	
132.90625	50.22440852	0.175013178	-0.140010949	3.486622074	18.51788401	7.305246177	64.27382035	0	
130.859375	51.75433774	-0.077207062	-0.26128624	4.461538462	28.19430952	6.63225188	44.49192218	0	
116.8984375	57.67945364	0.137813196	-0.411988032	3.990802676	22.33813758	6.886695547	52.79916652	0	
89.0859375	38.99720089	0.255870722	1.627648037	3.336120401	16.89003584	7.278727355	68.67160351	0	
83.5625	49.76000999	1.265306632	1.688382358	99.55100334	76.35509309	0.347931154	-0.948039572	0	
89.6171875	44.42323454	0.537175778	0.501992725	5.317725753	21.77889931	5.246347701	33.91262632	0	
22.5546875	30.38780815	6.15695949	41.52907403	37.15635452	58.76322709	2.023999715	3.597643146	1	
111.3125	46.88012472	0.298534196	0.025756311	1.109531773	11.3250341	15.5824741	289.1261478	0	
94.328125	45.70440169	0.58431766	0.948310808	1.015050167	13.62148758	15.51811476	254.1624481	0	
114.5703125	47.17068137	0.508180805	0.543763996	1.56187291	16.08610873	11.21768179	132.6892305	1	
101.9453125	44.3692441	0.1466995	0.38538966	1.428093645	16.13873837	12.37777804	161.0014776	0	
119.53125	56.39175714	0.310079099	-0.771909347	124.0869565	90.50438817	-0.041571373	-1.572996068	0	
112.0859375	51.58564289	0.186948897	-0.04431017	1.464882943	11.25248115	13.33689543	242.1249619	0	
112.265625	46.01655347	0.462040265	0.432797488	0.857023411	10.12086453	17.23614664	367.5767427	0	
140.546875	40.40128003	-0.194649306	0.490959973	2.474080268	20.54239837	9.091147614	86.49570902	0	
128.3046875	53.3214835	-0.189813623	-0.475030489	17.29347826	53.10666358	2.828970491	6.318684244	0	
100.09375	49.98084594	0.35235634	-0.054941926	2.706521739	21.03186763	8.654006955	79.55339422	0	
91.765625	34.51957877	0.782088391	2.935618209	4.098662207	20.01321382	6.489115564	50.09922773	0	
115.96875	44.00176444	0.222714003	0.287008661	1.206521739	10.5221533	15.38798074	312.421943	0	
96.9453125	49.88225333	0.437665371	0.273761385	2.449832776	13.93426967	9.172649801	116.896963	0	
115.828125	48.52385196	0.062017495	-0.257675213	1.623745819	15.98537913	11.44188737	141.1292824	0	
113.484375	53.50496244	0.557494573	-0.098470549	2.224916388	16.12458025	10.59660129	131.7627929	0	
111.96875	49.20745902	0.2857377	-0.040558666	77.57441472	92.96061478	0.379219019	-1.822322081	0	
114.5	50.54144339	0.191463406	0.076027066	1.514214047	13.94371025	12.09130372	174.6497407	0	
137.7890625	48.77109357	-0.148782839	0.138485404	2.451505017	15.20897319	9.013128146	102.6811165	0	
130.7109375	45.45398641	0.023009288	0.048930664	2.128762542	13.61585278	10.86426554	154.5367413	0	
143.296875	45.0451786	-0.226946184	0.285096598	2.869565217	19.34006646	8.975832521	89.34475485	0	
86.203125	43.35957207	0.599750783	1.352057538	2.401337793	17.09156332	9.492074219	104.0046684	0	
98.3125	47.7918256	0.353420536	0.234491537	0.922240803	11.46004286	16.46362891	308.9553878	0	
119.859375	50.38348787	0.084360203	-0.165893208	2.567725753	15.74678165	8.28200626	85.90172189	0	
34.40625	31.87755811	5.243556896	31.25036068	41.42725753	61.23547314	1.731935856	2.537561569	1	
109.1328125	43.5725636	0.452113127	0.761529541	1.163043478	10.71480419	15.26996305	299.5919743	0	
120.59375	39.44645055	0.585553982	1.445791691	2.128762542	13.5741544	10.02435935	133.1956614	0	
102.5703125	49.87322735	0.451558645	0.261429002	2.70819398	19.83428756	8.078449399	69.08967407	0	
84.6015625	39.68909246	0.500414213	1.693290033	2.377926421	18.45624803	10.11281538	112.4855628	0	
125.046875	46.50938403	0.32231816	0.22605201	2.233277592	14.67621319	9.501851718	114.3823151	0	
111.6328125	44.7848801	0.298077903	0.540273266	1.841973244	12.70645995	11.02936975	165.4723693	0	
121.7734375	45.81863275	0.395575771	0.353035469	1.737458194	12.11040218	11.86123408	192.4143183	0	
129.125	56.10620509	-0.053076592	-0.447939982	2.455685619	15.59801922	9.856962011	119.0535338	0	
138.59375	53.70818686	-0.170310778	-0.334453623	40.69063545	66.92190536	1.294487892	0.202627263	0	
102.1328125	42.14954239	0.432887939	1.010393606	2.421404682	20.00224929	8.986279877	84.43917156	0	
122.8046875	54.44651312	0.041802701	-0.260637305	2.496655518	15.70034474	9.32347607	105.9228599	0	
98.171875	48.8055948	0.311807442	0.14781196	2.223244147	16.20431303	10.20320948	122.7766317	0	
114.6171875	48.94482242	0.166496005	-0.35014535	4.683110368	24.44095504	5.879451089	37.50275718	0	
118.265625	53.47041886	0.259008014	-0.399151347	31.19816054	61.91723651	1.692356947	1.331999596	0	
138.4609375	49.47740999	-0.228002011	-0.293962359	3.862876254	23.27086239	7.978441368	69.86873515	0	
122.6484375	43.48771196	-0.011452132	0.070783547	6.377090301	34.59721571	5.603912497	30.90748361	0	
121.34375	54.43996658	0.20785954	-0.252598896	2.322742475	15.39962161	9.068227731	100.6632973	0	
108.21875	50.66201386	0.179896156	-0.19297715	134.7366221	92.20826741	-0.646083051	-1.373286748	0	
154.546875	49.50029346	-0.201807755	-0.077732698	3.304347826	18.11218333	7.845692539	76.1737536	0	
105.1328125	46.02756835	0.37177265	0.495076312	1.119565217	13.20021733	14.01795891	217.2094483	0	
114.3515625	42.43203938	0.356290117	0.543448551	3.285953177	19.29034026	7.856728017	71.78880807	0	
133.8125	46.72806136	-0.090427112	0.561630735	26.43311037	61.59207188	2.116086469	2.946849572	0	
111.3671875	46.95041785	0.288150328	0.271086841	5.369565217	27.04101079	5.836002218	37.34014477	0	
139.5625	42.9679659	0.11080987	0.073556667	2.006688963	13.81143758	10.73012444	142.6534076	0	
136.25	43.57948915	-0.016918254	0.153170516	4.16638796	24.81991811	6.715070455	47.79999979	0	
136.203125	49.79306543	-0.066644564	-0.378287339	6.879598662	33.40023659	4.979472864	24.31406958	0	
117.8359375	55.60811223	0.351472785	-0.291951362	0.629598662	10.4894003	18.92355342	390.6191109	0	
152.578125	50.50751945	-0.161218269	-0.352658509	1.496655518	14.43428734	11.14068573	139.8080505	0	
81.109375	36.79869953	1.512642171	4.522207806	8.422240803	38.71216751	4.747951339	21.65644713	1	
144.6796875	44.61921069	-0.295775017	0.339583537	1.881270903	14.07686557	11.01940293	148.3541956	0	
135.5390625	54.01228193	0.136357291	-0.596122377	11.61371237	42.04305341	3.821902388	13.74740397	0	
90.4921875	36.31309081	0.838080348	2.298678737	2.970735786	21.35764053	8.906543386	86.23860261	0	
136.40625	52.70961687	0.059672191	-0.494766891	46.55100334	74.47317697	1.254077051	0.056881384	0	
105.6640625	59.24265215	0.354438286	-0.496044362	3.976588629	29.79309005	7.383828763	52.71915187	0	
164.0703125	43.49913498	-0.458252069	0.625999879	2.314381271	15.37740907	10.09626462	122.0987964	0	
100.578125	48.75474486	0.406236413	0.200886904	2.163043478	19.40596068	9.766812924	100.1832747	0	
118.65625	51.44800736	0.192530039	-0.246058764	4.381270903	25.85378459	6.471100908	43.2935488	0	
113.5234375	44.68203023	0.359593563	0.63152715	2.029264214	17.02442608	9.566569775	101.1597559	0	
85.8984375	37.11191685	0.501840466	2.597700459	1.591973244	17.27828695	12.11384386	153.0795951	0	
111.734375	42.34133699	0.168150684	0.626147676	4.932274247	27.3037772	6.503427075	43.90227971	0	
107.5078125	45.57462906	0.377712608	0.614655841	1.469063545	14.84270525	11.92974816	156.2173396	0	
95.171875	39.65517569	0.321123864	1.104689222	5.204849498	28.28457886	6.377277923	42.32654122	0	
152.65625	50.59527484	-0.282304457	-0.073169971	2.828595318	22.1015417	8.788732344	80.50641779	0	
79.8984375	36.77525489	0.701007307	2.883730721	3.257525084	19.17414216	7.576115636	67.99880818	0	
128.5234375	54.30641721	0.147102812	-0.373089166	1.081103679	10.54434548	16.09535324	323.1546517	0	
117.9375	39.94503059	0.145346268	0.35760622	1.693979933	11.74947507	12.29233178	208.3669449	0	
110.4921875	41.10884867	0.285153788	0.708657389	4.842809365	27.32016982	6.325908335	41.51524172	0	
112.375	46.26790194	0.158276702	0.432606807	6.440635452	28.65827355	5.003623577	26.44616323	0	
109.96875	47.08186645	0.38742539	0.279039656	5.296822742	23.98316069	5.710873169	36.92661833	0	
93.4921875	44.25776699	0.415144787	1.145633001	2.423913043	18.02321237	8.622337529	84.11589412	0	
127	50.43296913	0.159117524	-0.143860992	2.284280936	14.65789777	11.15517884	161.5595542	0	
123.4609375	49.92790151	-0.15137491	0.002445817	2.794314381	16.66544202	8.244572736	82.70082387	0	
104.8828125	42.04417712	0.39956842	0.530041077	3.105351171	19.24448246	7.91023549	74.79015284	0	
103.1328125	50.82727662	0.473620281	0.095382476	3.177257525	20.67025761	8.54079572	80.67260982	0	
141.65625	49.10168618	-0.474854264	0.099495417	0.995819398	10.47424693	15.91899075	322.1493691	0	
86.1015625	31.48978997	1.170941862	5.304381428	2.995819398	15.13216521	7.775919477	85.42340023	0	
130.390625	44.39581103	0.210211693	0.239204923	2.986622074	19.10383058	7.851861048	71.09722224	0	
106.359375	45.89623731	0.534598362	0.307445151	10.41471572	39.49961158	3.841494739	13.87820057	0	
88.9140625	34.93745021	0.903578097	3.025050807	2.95819398	18.80150473	7.994099334	75.65784031	0	
110.28125	53.67275518	0.245709712	-0.294471932	6.325250836	31.54678107	5.498578606	31.0422425	0	
122.5078125	47.25925771	0.109085269	0.569637723	13.36789298	46.95055507	3.594360164	11.86174955	0	
147.890625	52.88670591	-0.289470764	-0.5402845	13.99916388	46.5545406	3.452928486	10.91036439	0	
140.5	54.35789961	-0.098016666	-0.457291857	150.6379599	44.72814797	-0.960711673	2.555956871	0	
104.1015625	42.55544909	0.305091817	0.549835404	98.16053512	87.67843334	-0.191017597	-1.885493623	0	
105.8203125	46.46780364	0.563576247	0.648898521	1.277591973	13.32372339	12.86036851	188.7085793	0	
54.5078125	35.7617979	3.291811291	14.7187148	24.07441472	57.79839238	2.442852563	4.852352898	1	
120.71875	43.12571331	0.257893335	0.672588179	2.163879599	16.56919916	9.839099321	111.2696605	0	
117.71875	46.14090808	0.189567274	0.046196981	5.318561873	30.60438615	5.946672035	35.19261422	0	
113.4296875	44.54802247	0.109045547	0.238900059	1.816889632	13.88627058	11.1901366	152.1120908	0	
100.9296875	49.68088534	0.623084404	0.334283184	1.560200669	12.38696942	11.49951601	176.4470423	0	
75.4296875	35.16916343	0.911070762	3.832179101	8.842809365	35.24968806	4.361116374	19.00273947	0	
115.296875	52.15412247	0.096190492	-0.189785321	2.190635452	15.90919401	9.64602389	109.5061642	0	
75.828125	32.39553147	1.159565211	5.941325068	1.859531773	15.12977312	10.49178842	128.3533747	0	
88.546875	34.52735767	0.812190518	3.315275147	1.231605351	14.20857663	13.15013155	186.4679719	0	
61.71875	32.30154251	2.266660549	11.18402964	14.74916388	47.31498689	3.201231706	9.087746535	1	
127.3125	54.45292548	-0.084165178	-0.523453357	3.177257525	18.41205303	6.923142227	56.89429542	0	
118.421875	39.16842825	0.166347248	0.451543311	1.657190635	11.42459092	12.41470194	220.9921344	0	
84.0859375	44.53106839	1.365958487	2.536932543	8.618729097	37.63330976	4.687512869	21.72060286	1	
126.953125	50.97622905	0.141082875	-0.330028438	8.362040134	36.28697211	4.654720028	21.56542681	0	
114.4140625	55.04167843	0.13479343	-0.257121664	2.574414716	15.83221962	8.652778012	92.32657762	0	
101.9765625	44.244432	0.290771759	0.540145657	1.169732441	14.76863214	13.57293723	190.563924	0	
122.4453125	50.02340212	0.112041071	0.018940714	3.887959866	19.87643658	7.122037981	59.92529509	0	
109.859375	54.43398157	0.144176245	-0.154651318	2.260033445	15.4554633	9.188510071	102.8832733	0	
132.703125	52.0397023	0.038602758	-0.15953853	2.969899666	17.75480802	9.202019931	100.2593152	0	
114.15625	52.61036577	0.077140839	-0.340147455	19.90301003	49.98212682	2.436105258	4.786010862	0	
94.2421875	36.03161504	0.616189163	2.196887313	3.463210702	21.80959297	7.26012789	57.04317307	0	
95.90625	46.40909082	0.2872744	0.423208054	0.894648829	10.49441346	16.24414573	324.8539935	0	
100.3046875	40.1190725	0.197495816	0.893711317	0.79180602	11.89056706	16.48294212	289.3987122	0	
110.7734375	45.4892183	0.237408559	0.584851375	4.506688963	26.29700675	6.328350583	41.34240665	0	
115.2578125	50.35487285	0.473461604	0.039218667	2.290133779	13.33835229	9.913504639	137.7983539	0	
81.8203125	35.39209693	1.015847131	3.733023787	2.549331104	21.18243912	8.808880917	79.95013023	0	
136.9921875	48.92795981	-0.058273844	0.073257904	3.14548495	18.90144934	7.797219497	72.35171105	0	
105.578125	41.71623061	0.186950208	1.101428066	0.639632107	10.04511901	18.93683641	406.80824	0	
126.171875	47.41738035	0.108234477	0.373438319	2.570234114	15.27230811	8.530018418	93.24530274	0	
110.1640625	52.12721478	0.293182449	-0.365476727	2.510033445	18.04418767	9.606519027	102.6232209	0	
96.2109375	42.77076476	0.375571927	0.406184684	3.190635452	21.5416788	7.951659375	69.14823456	0	
96.2890625	39.37622068	0.505353008	1.443217135	5.225752508	24.09126056	5.335131292	31.36767621	0	
117.328125	42.58577913	0.307784581	0.88032089	1.689799331	13.03981283	10.98004252	154.4936226	0	
88.1484375	39.45172878	0.605601024	1.624631949	2.527591973	15.28814899	9.307637453	110.2929428	0	
114.7734375	45.22240437	0.260711939	-0.17992084	2.778428094	17.27933702	8.088936931	77.45579428	0	
80.0078125	41.53753876	0.764277143	1.757695013	8.711538462	36.35689729	4.348422369	18.31813981	0	
126.6640625	54.88073395	0.027960346	-0.405134511	7.113712375	33.60540418	4.898416233	23.56397733	0	
133.046875	40.71333845	0.034695166	0.647944304	4.798494983	27.30529181	6.003324829	36.31992406	0	
117.140625	54.34506854	-0.068238213	-0.53714227	2.830267559	18.4544668	8.125726918	76.69952758	0	
105.53125	41.07556632	0.393022809	1.622697386	2.640468227	20.07251489	8.755683607	83.0940353	0	
127.6640625	48.41233658	0.026623892	0.049816577	43.52842809	72.25798051	1.254912222	-0.069708186	0	
66.90625	37.09835692	2.01522619	8.207493846	11.1270903	40.00475183	3.931797851	15.30426303	1	
156.046875	60.1369348	-0.320960502	-0.632663086	4.484113712	25.62954337	6.300527217	42.11880134	0	
101.5703125	31.67305726	0.510477198	3.841251569	2.590301003	14.27873643	8.517613103	102.8272689	0	
116.875	51.07760639	0.082556837	-0.213326853	1.636287625	14.15882157	11.99424384	168.4974614	0	
85.625	45.59108328	0.912424096	1.264334799	4.18729097	23.86612688	7.304675125	58.36183391	0	
103.0078125	45.64956464	0.616439043	0.696161157	2.054347826	13.7114759	10.59309039	145.4333334	0	
120.421875	46.69324921	0.290780771	0.453086826	3.038461538	21.67231312	8.636886982	81.18604448	0	
137.046875	45.90698125	-0.287367986	0.337900551	3.27173913	21.06636045	7.311393044	57.95931121	0	
106.8203125	47.86805328	0.185641311	-0.136892852	2.391304348	14.10788785	9.249560256	114.8754576	0	
87.734375	40.69618463	0.629082884	1.170268604	2.554347826	18.98035129	8.348741715	74.93636702	0	
140.7734375	48.18571087	0.002013764	-0.145955859	2.775919732	20.92389351	8.559255401	77.66297456	0	
138.0703125	39.56189446	-0.055911309	0.822521503	2.596153846	15.40794062	9.314489901	110.8283619	0	
113.4453125	40.80380049	0.08276955	0.841943612	5.45819398	22.36099592	5.062412615	30.54861223	0	
103.3125	42.97687423	0.742120732	1.283454507	1.278428094	14.15484966	13.00917222	187.2887345	0	
132.6953125	48.47672744	0.116829531	-0.185930652	2.038461538	16.94645884	10.18510097	113.0490687	0	
96.546875	35.72920273	0.419386559	2.228976323	3.341137124	21.00789818	8.122209194	75.10664451	0	
148.3125	58.02541873	-0.208668495	-0.448645506	3.990802676	24.65139726	6.795564774	48.24035684	0	
103.359375	50.65226648	0.350790595	-0.212579552	1.243311037	10.86648204	14.3121606	273.2238711	0	
115.484375	47.3010611	0.254101086	-0.031269284	1.647993311	11.46956148	12.55891882	221.3514084	0	
112.7265625	54.05317331	0.290899405	-0.578098081	2.502508361	14.61223981	9.298429143	113.4157879	0	
111.875	34.2826031	0.537206954	2.0364701	2.545986622	14.48544624	8.557490648	101.051604	0	
127.5078125	49.13390442	-0.070016232	-0.288596689	4.963210702	25.46934647	5.978546549	39.13063509	0	
100.234375	44.79998681	0.301169404	0.47641596	0.5409699	10.90806031	20.53716727	427.8464829	0	
105.3359375	39.50816319	0.147183171	0.800749907	1.357023411	12.99988909	12.27341659	179.6382281	0	
130.0859375	49.72707187	0.13182821	-0.280440715	1.980769231	17.42697515	10.71419407	124.1279979	0	
97.8671875	47.40852559	0.54364148	0.406143437	2.488294314	16.47621261	9.249479994	102.0549879	0	
146.5	56.18760428	0.062160338	-0.558265446	3.525919732	22.5036637	7.619547996	63.49547767	0	
97.3515625	46.01725048	0.382482295	0.521904808	2.525919732	18.24705493	8.541982697	81.98995099	0	
99.828125	42.76006997	1.030688012	1.837508348	1.316889632	17.50553899	13.78258594	189.9657747	0	
115.3515625	43.86050149	0.156417671	0.232529132	1.85451505	12.05071105	11.27100426	182.637098	0	
127.828125	53.3622803	-0.011411491	-0.118162179	2.428929766	14.31294287	8.901057313	107.6981214	0	
153.1953125	48.99107996	-0.221494569	-0.11413839	2.410535117	19.33975897	9.807413863	105.7648388	0	
139.5390625	60.54594102	-0.488406788	-0.729511158	192.659699	78.93269273	-1.623120187	1.166159838	0	
107.84375	41.06634067	0.161023406	1.204060687	2.91638796	15.7235109	7.901162359	82.17929876	0	
142.5625	48.31080204	-0.351230699	0.101362244	96.63294314	86.4042468	-0.1914619	-1.890213089	0	
104.140625	42.30889652	0.429565885	1.305488503	3.326923077	19.56870183	6.953734688	54.13663167	0	
63.0859375	39.57607929	2.694842788	9.087356463	19.6270903	52.92638355	2.890254342	7.578930279	1	
122.3671875	45.95528926	0.258795333	0.194343518	1.882107023	12.47835508	10.97541899	167.7166511	0	
109.875	38.05608526	0.235300247	1.572725618	1.067725753	14.00034383	15.21866937	247.2819688	0	
82.7734375	45.41616845	0.701465388	1.104580881	3.501672241	22.12598838	7.005293056	51.90616029	0	
88.7890625	42.98249141	0.465074068	0.722462846	1.203177258	12.67847925	14.64557832	252.0972564	0	
107.03125	46.94227464	0.264096173	0.227419037	1.155518395	12.37901563	14.85508704	259.7123899	0	
122.203125	38.51366628	0.222901582	1.607797135	12.20401338	42.91313288	3.757430936	13.70735607	0	
15.6171875	42.25335066	4.038129399	15.77168727	101.5827759	63.54623843	0.334481081	-0.55237967	1	
103.0390625	43.61987834	0.375771463	0.198870615	2.367056856	18.28627476	8.901882519	85.35334566	0	
105.8359375	37.81095603	0.642625792	1.982179202	1.642976589	15.9235357	10.83529863	126.6374769	0	
121.75	39.96111391	0.218436919	1.507569037	4.211538462	20.47870827	6.603646916	51.35369726	0	
121.015625	56.94747914	-0.105391131	-0.832024731	170.9314381	98.31715444	-1.067532447	-0.763358581	0	
103.703125	40.02623346	0.384758683	1.014754499	3.920568562	26.68911591	7.141973008	51.67117731	0	
109.640625	49.01765217	0.13763583	-0.256699775	1.508361204	12.07290134	13.36792556	223.4384192	0	
136.75	49.95560529	-0.052008411	-0.37563299	2.805183946	17.02186298	8.773191139	93.93228545	0	
97.796875	49.57055568	0.52424471	0.070170177	1.109531773	13.19878413	14.09642408	217.6586166	0	
123.3125	54.34392072	0.260214132	-0.274516202	4.074414716	22.88520825	6.493326787	45.68570584	0	
102.59375	43.24791135	0.450013129	0.641341243	0.81270903	10.09843057	17.82789929	383.7710801	0	
96.90625	36.79959186	0.314125495	1.885337692	3.482441472	18.72389222	7.507602146	69.13526993	0	
84.2734375	38.39997454	0.662578662	1.778425245	2.984113712	16.69029062	8.407608491	86.91303647	0	
113.4921875	46.84765804	0.236599978	0.009136227	2.428929766	16.05500992	8.521578097	88.79062641	0	
119.1796875	50.07610358	0.242973761	-0.117536102	2.670568562	14.36365385	8.421528114	100.6750142	0	
124.4921875	52.11300763	0.234271591	-0.428897861	2.114548495	13.50644919	10.16938814	137.6383157	0	
136.671875	58.58262186	-0.383323024	-0.511883806	1.594481605	16.24520314	11.39978997	138.6520156	0	
97.046875	37.60212331	0.415115089	1.544829753	1.804347826	12.17803472	11.83371202	188.5540612	0	
87.0859375	40.54492634	0.689507136	1.978205814	4.02006689	25.08489796	7.055696033	52.73233816	0	
123.6796875	54.93517964	0.241887172	-0.470348603	21.70568562	59.02141214	2.504856257	4.645266795	0	
88.375	34.67009699	0.840413309	3.733146963	1.359531773	15.79497087	12.58412525	165.7400762	0	
151.4921875	46.55205354	-0.372374829	0.454961262	2.563545151	14.15514167	8.858342165	109.8143097	0	
110.0859375	47.11273503	0.223048248	-0.267773412	1.27006689	11.11748481	14.18738724	261.6699966	0	
122.71875	49.184909	0.156757214	-0.118763901	1.119565217	11.97928473	13.46109406	217.7918398	0	
100.890625	51.89039446	0.627486528	-0.026497802	3.883779264	23.04526673	6.953167635	52.27944038	0	
96.0859375	52.56321006	0.83835981	0.534832139	2.943143813	19.93530787	9.450178599	98.28753713	0	
135.078125	43.11713866	0.067585331	0.061427247	2.080267559	13.33960502	9.979061296	135.7853557	0	
105.5859375	48.06449563	0.411663722	0.267243652	1.028428094	11.73227808	14.37685854	243.1857067	0	
103.515625	54.22061191	0.322729893	-0.259022481	2.280936455	15.71159397	9.816346843	115.5860428	0	
112.7890625	48.749143	0.174574995	-0.020146361	4.357859532	28.33942082	6.899840384	48.05085979	0	
100.84375	39.82607451	0.56667373	1.285469672	2.009197324	16.32751384	10.46974575	124.5292804	0	
175.328125	58.16760661	-1.244207612	0.885369999	16.56521739	49.70449393	3.002141456	8.015021321	0	
120.3984375	58.93525842	0.138160709	-0.398095654	1.72909699	11.77443476	12.60807539	216.8602169	0	
88.984375	48.5313984	0.478328977	0.347109495	2.878762542	19.01709802	8.597013561	86.67819976	0	
100.7421875	48.71172313	0.419603528	0.056188102	2.39632107	15.20088846	9.155708636	104.4631357	0	
90.84375	39.8623486	0.553476955	1.464542969	5.64632107	25.27341118	5.044536586	27.44633073	0	
133.8828125	41.72840405	-0.006695796	0.718518717	3.31187291	17.89753144	7.140814628	62.64561939	0	
138.3359375	49.13045093	-0.205287269	-0.226105863	49.89464883	80.5624912	1.233599293	-0.166435935	0	
101.6328125	56.62015309	0.352885511	-0.540344973	57.11371237	77.48405023	0.77564612	-1.113192761	0	
79.234375	38.28480532	1.350382989	4.100627804	9.533444816	39.5055102	4.431321979	19.24790531	1	
125.765625	50.13769857	0.104840593	-0.368207209	1.91722408	12.9919838	10.31688551	145.8156643	0	
136.6328125	45.37928201	0.20528459	0.214049586	5.989966555	27.17317004	5.299144164	29.99200363	0	
114.6328125	42.28158418	0.394304043	0.612738236	47.59197324	79.83529703	1.206454378	-0.337057786	0	
127.3828125	50.30580252	0.164169261	-0.422519924	4.132943144	21.85467856	6.976457901	56.73220103	0	
134.75	51.59169628	-0.128001961	0.013015151	6.60367893	35.07364617	5.442899788	28.82213862	0	
133.359375	39.19158359	-0.157029889	0.565504615	3.37458194	18.30209583	7.211573168	62.59112952	0	
114.296875	54.77658592	0.073583268	-0.434816872	3.073578595	16.38682492	7.653461963	75.10669836	0	
102.859375	38.36395085	0.233041962	1.045249514	14.14046823	45.60817566	3.183348712	8.934703595	0	
80.8984375	42.97634521	0.812331643	1.431670815	1.921404682	14.37664087	11.63006196	167.2872583	0	
134.6953125	58.84348395	0.139608223	-0.764310229	154.4966555	105.6738727	-0.688237925	-1.421085957	0	
99	48.54717422	0.368494718	0.208028516	1.531772575	15.11576821	11.05474608	133.6380973	0	
121.1875	48.74194645	0.224921257	-0.189650036	0.97826087	11.9796174	16.19086205	296.3563462	0	
112.9140625	53.24677621	0.292680802	-0.220829017	1.910535117	17.21663627	10.44684223	117.3494896	0	
127.609375	43.88465606	0.031737865	0.133101992	2.079431438	18.02792923	9.779445572	102.568611	0	
133.046875	51.12238064	-0.145585798	-0.325246456	1.190635452	13.38429092	13.87196488	214.7984487	0	
112.734375	44.80504373	0.356963079	0.833789338	5.22993311	30.06072127	6.018207994	36.33478318	0	
132.5234375	53.44242884	-0.154114256	-0.537349325	0.611204013	9.072460527	21.16340683	536.5678399	0	
107.9765625	38.52768178	0.081586932	1.35578273	2.41722408	15.00587413	8.895423012	102.0432343	0	
91.25	41.16278659	0.416634203	1.126985363	2.628762542	15.71243385	8.42980144	89.60628908	0	
130.09375	44.80172247	-0.005380575	0.156732641	1.885451505	18.14377978	10.45982988	114.0161816	0	
131.3046875	47.90706475	-0.003951749	-0.077171134	6.438963211	33.31175012	5.432521828	29.39655189	0	
117.0859375	56.77780532	0.116385176	-0.687688373	27.71655518	54.83638565	2.031590564	3.197074818	0	
76.4140625	36.29383715	0.825140508	3.232451846	2.474916388	13.96640282	9.38497908	121.745598	0	
37.3359375	27.64882382	4.967325025	32.75392671	64.1229097	91.89896905	1.04253464	-0.621374164	1	
127.78125	46.93594996	-0.091211039	-0.042552963	0.753344482	11.60369264	17.2574396	317.7684111	0	
16.2265625	37.779834	4.639832777	22.30101065	114.5702341	51.32605378	0.520058073	0.509008815	1	
130.296875	43.72452104	0.239299953	0.773894519	3.327759197	21.93898346	7.633627793	63.68797889	0	
113.40625	38.24375715	0.468597132	1.473002145	1.446488294	16.22314027	11.98300313	147.9496998	0	
100.546875	43.13131464	0.510465559	0.764032202	3.774247492	23.84714855	6.570864936	43.74963963	0	
95.265625	45.7703992	0.524977018	0.841960227	2.593645485	19.59784883	8.765387759	82.61026504	0	
112.5390625	47.18711131	0.129595466	-0.126275519	2.31187291	18.8612845	8.90862045	84.42433287	0	
130.25	54.92822021	0.049617165	-0.644385707	10.27591973	47.3776275	4.417688788	17.62861601	0	
41.375	39.76532723	3.802018452	16.05622183	23.66053512	55.42796537	2.451976243	5.164108329	1	
90.84375	46.57662328	0.460929231	0.548480766	2.573578595	19.42304352	8.346940866	74.62427301	0	
24.546875	29.64315356	5.507383047	34.64385111	22.2951505	51.18912742	2.663496019	6.865731896	1	
114.40625	45.64527589	0.043662775	0.114669323	2.091973244	13.2924364	9.921934242	136.5427469	0	
109.7421875	54.8780247	0.421061981	-0.290395594	2.110367893	17.36513805	9.560334621	100.2287533	0	
126.015625	54.49426351	0.207263709	-0.350119066	5.257525084	27.01301375	5.657465152	33.5288193	0	
134.9140625	45.81519046	-0.272227138	0.007875459	4.847826087	25.07661012	5.817981123	36.8360903	0	
118.8203125	45.09771225	0.226520706	0.321414341	3.317725753	18.9911805	7.318813375	63.13875256	0	
129.40625	53.41515432	-0.072911778	-0.349883263	2.721571906	20.16102161	8.202760346	71.51378291	0	
118.953125	41.61483723	0.247796905	1.066128375	3.081103679	15.23344359	7.705838389	85.24508557	0	
85.1640625	34.11693525	0.972174667	3.521125106	2.27173913	13.56579054	10.16017712	141.6932364	0	
105.2265625	48.48005628	0.229397523	0.178533721	2.142976589	17.10758186	10.12776186	118.1181721	0	
97.9921875	41.98074263	0.146610041	0.804348835	2.880434783	19.71841707	8.832869593	86.86265061	0	
109.0234375	42.27559595	0.20539947	0.384592793	1.423913043	15.73160326	12.61669645	167.3819014	0	
120.0546875	52.93795138	0.195838573	-0.340901622	3.173076923	17.1277214	7.429621009	70.46416657	0	
99.859375	39.14830264	0.744528642	1.818474458	8.595317726	35.24180843	4.654553314	22.61323362	0	
56.53125	68.54195083	1.647953509	1.423053135	14.37959866	41.72218259	3.340508252	11.20162783	0	
121.84375	53.58615106	0.139425498	-0.503300854	32.60535117	54.60369324	1.977399488	4.032597007	0	
47.9375	39.75604317	3.198624693	12.6268414	14.94147157	44.21929525	3.430628165	11.83681115	1	
106.3828125	39.13919892	0.390253662	0.555046582	4.589464883	25.3311088	6.208261299	41.64469184	0	
115.515625	52.35276741	0.174737874	-0.196703841	0.613712375	8.782656933	22.97540417	613.7353452	0	
118.2890625	47.58481775	0.448618083	0.079526711	2.710702341	18.19427634	8.272507038	78.03820218	0	
121.9765625	47.3310259	0.162194327	0.142384177	3.847826087	21.54334327	6.698350236	50.04188403	0	
99.8515625	40.55938737	0.595444332	1.298899389	3.709866221	20.77817875	7.049433564	55.82602645	0	
121.640625	46.25096863	0.268210414	0.311769759	3.06270903	17.86755193	7.745835566	72.23412601	0	
116.515625	50.35312558	0.075483976	-0.143983462	1.612876254	13.89327939	10.90972781	142.1187519	0	
120.828125	52.70512152	0.023903875	-0.392165248	1.059364548	10.27533923	16.40046247	343.0466051	0	
88.625	45.93150471	0.581543239	0.70427015	0.932274247	11.1181521	15.44384007	282.10342	0	
123.3984375	48.86162538	0.15539356	-0.203031848	7.848662207	36.21008479	5.11458716	26.60934028	0	
84.96875	44.51438277	0.639545805	0.600145557	2.077759197	17.49753371	9.537005429	98.81394057	0	
117.5078125	52.04625288	0.194069745	-0.129192	2.27006689	15.3923538	9.728366854	116.8882484	0	
122.6796875	46.69480927	-0.016612078	0.297610381	3.985785953	23.12458548	6.88637918	51.82665545	0	
93.28125	44.63566705	0.36302421	0.321805412	1.211538462	12.41086887	13.57448009	216.5861078	0	
118.21875	45.64844218	0.206912163	0.217066088	2.33361204	16.82304839	9.162761851	96.13422261	0	
112.53125	44.13950496	0.417417745	0.172598765	65.73411371	86.60540511	0.710985264	-1.263896013	0	
85.546875	37.10034101	0.73102412	2.443917103	1.095317726	10.67876702	15.57583048	306.0842513	0	
123.875	56.12889741	0.022145822	-0.720544634	0.628762542	9.186709289	20.80439884	515.9031905	0	
113.7265625	40.78578085	0.367794527	0.730595252	1.998327759	13.13615338	10.33573709	145.3354232	0	
112.03125	50.18885233	0.362645087	0.106954696	3.35367893	21.82308376	7.278548572	56.57311894	0	
77.15625	36.61378615	0.906546427	3.203718626	7.706521739	40.96111204	5.143018609	24.54182605	0	
111.6015625	44.33278623	0.158661865	0.119696375	1.974080268	13.83497448	10.30748012	135.3150448	0	
110.3203125	51.94918394	0.200897751	-0.443830714	1.815217391	12.68311241	11.17181094	166.2098542	0	
82.9609375	37.47966164	0.733446926	2.300799056	1.407190635	15.01539617	12.3015847	163.3920258	0	
120.0546875	46.82736056	0.061873925	0.135568917	4.58277592	25.20592125	6.703707924	48.1292988	0	
127.9609375	54.14713784	-0.018437957	-0.272148664	3.459866221	16.95629523	7.415250785	72.48354591	0	
121.5234375	46.99068472	0.290263595	-0.157445479	1.664715719	15.87331091	11.06697205	134.6949025	0	
142.4296875	45.09273147	-0.261918491	0.444219425	2.176421405	13.97961294	10.13823761	133.134624	0	
95.5	40.91034405	0.461087506	1.177139007	1.820234114	16.81784046	10.6076596	120.7181933	0	
111.390625	45.31577305	0.384942801	0.022779077	1.150501672	10.40850042	16.0969141	331.1718602	0	
128.6484375	46.46110434	-0.055292458	0.244432025	10.14297659	39.24222172	3.897359486	14.32229337	0	
137.9609375	51.88545111	-0.04851795	-0.309642471	4.203177258	23.94900568	6.531796387	45.86668775	0	
87.5	37.40738563	0.97784848	2.396694926	24.29682274	59.8266841	2.325450801	4.001609718	0	
126.8125	46.83260583	0.291279121	0.183496247	1.045150502	9.514711452	17.82120171	431.2407446	0	
95.3125	38.00056537	0.567497857	1.742639341	3.647157191	20.19162175	6.949442739	56.15759513	0	
101.046875	47.36706058	0.193583235	0.179709738	1.945652174	14.01908241	9.881599629	123.9683521	0	
130.4921875	52.17503535	-0.310427396	-0.391542414	105.5309365	98.44706341	-0.032527722	-1.861191915	0	
117.8515625	46.06840869	0.344266404	0.525138499	2.781772575	16.34325679	7.727255461	75.95008434	0	
130.3984375	49.18481407	-0.136959764	-0.181544883	2.352842809	15.24545824	9.938688071	118.0272345	0	
126.515625	45.00850343	0.125082277	0.240095781	1.765050167	15.93367784	12.01973362	163.4455738	0	
42.375	37.74523977	3.945916959	17.82768407	35.49080268	63.737881	1.814139538	2.34681367	1	
124.609375	49.65871562	0.292376734	0.192320772	1.964046823	13.24566737	10.65257128	148.7014785	0	
8.2265625	32.5579327	5.896484313	35.28723836	184.5259197	62.91485857	-1.019263452	0.176960674	1	
65.3984375	46.69203289	2.241093368	5.810580891	87.96571906	72.43958153	0.509195807	-0.651626359	1	
109.53125	44.57191126	0.459712437	0.603472629	1.25083612	13.62176442	13.84258024	213.351915	0	
106.28125	41.73220757	0.645758641	0.929025558	3.617056856	21.61274808	6.782397983	49.47014842	0	
71.4453125	36.57415596	1.744121889	6.695118921	13.02508361	44.70222219	3.485496868	11.09146294	1	
131.203125	49.59860119	0.32597306	-0.177596484	3.892140468	26.11822052	7.254967363	54.0467976	0	
110.0390625	48.92219626	0.504592259	0.109065862	3.717391304	21.96878445	8.4735387	78.87579289	0	
130.703125	49.72932349	0.061423919	0.006931417	2.364548495	17.83389207	9.427854344	98.75343172	0	
117.9140625	64.28088112	0.062210015	-1.135840371	3.019230769	21.22113538	8.37392441	75.47712321	0	
135.6015625	60.28491466	-0.198010023	-0.526932028	3.059364548	16.48803116	7.5389374	72.57159233	0	
116.4375	61.80434729	0.066440352	-0.68568066	2.981605351	19.80252837	8.620895914	83.01771137	0	
91.25	48.1907019	0.565477136	0.138453881	2.464882943	15.4457061	8.974058198	99.99261749	0	
124.828125	44.10748756	-0.151123111	0.865675377	1.475752508	14.31806332	11.32404069	144.9861215	0	
141.15625	49.02796356	-0.111088336	-0.054118624	1.336120401	10.99083228	14.65963718	278.2370854	0	
119.0078125	43.53114835	-0.160866045	0.27168815	3.60367893	17.9592195	6.831200069	57.98056729	0	
136.421875	51.7585454	-0.212552541	-0.20456711	6.977424749	32.86195906	4.91145311	23.81997288	0	
128.8828125	57.06528896	-0.105608339	-0.32047255	0.971571906	9.668114397	18.38776311	425.3182829	0	
88.546875	44.68236148	0.940484311	1.634902347	13.64130435	44.57923988	3.408574038	10.78335893	1	
84.515625	37.59362986	0.658241023	2.029642187	0.782608696	9.177617379	20.11208291	505.7819841	0	
127.921875	52.3218121	0.279349545	-0.426104565	2.829431438	17.16478282	8.160013793	79.44726621	0	
108.7265625	44.47237816	0.629684031	1.006535689	1.156354515	12.46700534	14.57138799	243.9721565	0	
66.0859375	33.80759607	2.382131399	10.54549866	18.16889632	55.74309414	2.993356094	7.536158187	1	
131.1953125	50.06590322	-0.090631313	-0.050356626	3.226588629	18.91018188	7.665352563	70.14302195	0	
95.7421875	44.05044092	0.514332377	1.458993717	1.60451505	14.10916397	10.91218744	140.6188952	0	
131.4453125	45.07819744	0.09750079	0.267297672	1.873745819	15.13998051	11.08808207	143.5402412	0	
85.484375	35.16456499	0.686036922	3.077512951	3.940635452	20.48004137	7.647622692	70.72711787	0	
99.9140625	43.91949797	0.475728501	0.781486196	0.619565217	9.440975862	20.1066391	475.680218	0	
50.7109375	36.52677792	3.057307527	11.6576279	80.77508361	85.08106747	0.514811618	-1.182961804	1	
98.40625	51.29075171	0.421885323	-0.158078573	3.683946488	23.99659486	7.378553667	57.7714801	0	
100.1484375	41.15786867	0.618729646	1.52441022	1.732441472	16.48695596	12.49892652	168.3680924	0	
130.671875	51.79000709	0.195775314	-0.293984884	1.301003344	13.5820201	13.11502658	189.3887609	0	
144.7109375	43.73770405	-0.258532031	0.08580109	2.135451505	14.24270208	10.53217108	141.1217023	0	
115.7734375	45.29714651	0.176119189	0.067584397	0.885451505	12.08869489	15.01861331	246.2626413	0	
126.5546875	54.41159811	0.042644969	-0.671949086	10.16722408	41.29551867	4.162171085	16.36317778	0	
101.7734375	46.64011398	0.323892655	0.517729354	2.627090301	19.74777584	8.643802245	80.02095802	0	
113.3984375	51.63216352	0.244791172	-0.310596474	5.485785953	30.67657858	5.803159288	33.22932398	0	
115.9765625	48.56719972	0.184327106	-0.125639268	3.767558528	21.00946158	7.668350721	69.05684815	0	
88.953125	39.22807098	1.282051664	3.19993475	98.50919732	90.32528035	-0.022611396	-1.771499338	0	
156.53125	47.8529547	-0.468718478	0.231589114	6.523411371	32.50096917	5.426115893	29.98352875	0	
94.125	52.06171218	0.530583166	0.165654327	5.097826087	25.96533505	6.540265511	46.52805653	0	
52.296875	39.5044221	2.605324187	9.256108689	39.7090301	72.78769893	1.601763052	1.091596973	1	
126.671875	42.68802331	-0.081969122	0.315175933	1.030936455	11.49188515	14.97966895	264.1407949	0	
121.046875	47.46723531	0.144146129	0.037990129	1.912207358	14.51345189	10.92330023	141.1932819	0	
91.9609375	37.30331804	0.518054468	2.106137508	2.331939799	15.42711908	9.232654988	103.3541895	0	
132.890625	51.18688711	-0.034938031	-0.181300815	5.601170569	27.07404622	5.693400845	34.97490407	0	
126.6171875	49.07776372	0.193886793	0.162133301	2.232441472	15.86021139	8.937472593	95.09325696	0	
116.8515625	57.72010723	0.114704545	-0.284207205	2.765050167	15.17376992	8.214064038	90.25289762	0	
119.234375	45.66547595	0.340412681	0.665919457	2.793478261	17.03630761	8.150422212	80.88660011	0	
126.9375	51.42755068	0.066854824	-0.217467528	8.554347826	38.07187652	4.500678569	19.2941281	0	
83.265625	48.38686618	1.544274709	2.849454549	128.0869565	96.73208422	-0.255634311	-1.581232094	1	
126.359375	48.52652857	0.026605536	0.049189784	28.10702341	62.48241426	1.957874782	2.248986338	0	
120.0859375	52.18716727	0.002462141	-0.236774847	1.797658863	12.95570772	11.17948679	161.9203116	0	
142.2421875	58.18837219	-0.258324648	-0.467257437	68.82190635	86.24383583	0.587272528	-1.428443443	0	
108.015625	46.41658923	0.255241953	0.324290417	0.632107023	10.92258128	19.1690725	385.7943842	0	
96.703125	47.69276009	0.587355042	0.306566433	2.809364548	14.29258687	8.379854589	103.1403473	0	
40.515625	35.08894599	3.431531156	15.51591975	119.7324415	61.19778767	-0.136802247	-0.119417138	1	
122.7734375	54.76287161	0.398920358	-0.452670971	2.307692308	19.6312743	9.227923285	88.59106743	0	
124.9921875	51.83138168	0.307418033	-0.294659198	2.008361204	17.9710357	10.25475081	112.3929176	0	
120.1171875	47.59572937	0.320013157	0.314578328	2.511705686	14.37106311	8.987581063	109.5037952	0	
107.9140625	44.14536133	0.600735127	1.273469816	1.474080268	12.41136456	12.96365039	207.9256278	0	
12.46875	34.58954356	5.750408523	32.97831184	129.7909699	63.51032717	-0.077222142	-0.285142167	1	
129.7265625	43.40681737	0.063537141	0.393842452	3.232441472	20.8447314	8.631261743	81.93545841	0	
129.8515625	51.11737257	-0.083269388	-0.246572167	4.867892977	26.03083981	6.520077376	45.8464105	0	
106.203125	44.44542991	0.304224782	0.546466689	1.29264214	12.38369219	12.55675629	193.7750866	0	
127.6171875	51.59444027	0.045499232	-0.215928198	1.813545151	14.96895954	11.79379975	162.7227025	0	
155.5234375	58.73390269	-0.443881493	-0.671787462	190.0719064	77.38430687	-1.625097603	1.211440028	0	
139.1953125	51.79361969	-0.240821501	-0.034691034	16.0367893	49.93211429	3.028961098	7.80243152	0	
117.5390625	47.73296528	0.173139263	-0.150653604	1.060200669	14.28934355	14.17637248	208.2780851	0	
55.4140625	31.37139604	3.477271147	19.17770777	44.24832776	74.952768	1.475518222	0.727717019	1	
113.1953125	43.71678357	0.072342399	0.401925619	6.273411371	29.4933754	5.104880282	26.71956144	0	
86.15625	40.2131892	0.587122984	1.599774026	1.683110368	17.02994851	11.38772579	138.3898553	0	
124.25	42.56997915	-0.079209904	0.435713793	3.12458194	15.69835956	8.094962042	88.24253195	0	
144.1796875	42.13008753	-0.112114243	0.348827812	2.938963211	17.20315714	8.328415552	84.84691532	0	
7.6328125	29.46233589	7.288394672	53.75696761	164.8662207	74.20219256	-0.66856932	-0.736855876	1	
111.15625	48.30525293	0.259084576	-0.116430485	4.235785953	19.69354486	6.068932962	48.02762708	0	
142.2890625	53.77530688	-0.085549253	-0.483325218	3.183110368	19.43837056	8.403919907	79.15170554	0	
132.2109375	55.35660704	-0.198547391	-0.742983306	2.592809365	15.68893636	9.339818535	107.1989502	0	
114.8125	49.6079552	0.35329708	-0.00965608	2.612876254	18.3128188	10.16489085	117.4737252	0	
80.6171875	52.51459932	1.126375165	1.256101247	38.41555184	74.85070129	1.65388229	1.135716924	1	
100.0078125	48.96499006	0.561681998	0.435791726	4.325250836	27.21195263	7.531743085	58.64533892	0	
117.6796875	47.45704202	0.214801403	-0.13550329	2.731605351	21.99328807	8.401668908	71.5876406	0	
132.09375	50.66748796	0.045520545	-0.401729889	2.58361204	21.45495084	9.342845792	91.47822675	0	
96.9375	40.53735738	0.419405572	0.755829381	1.971571906	11.63696371	11.62911954	202.68664	0	
101.375	45.35932925	0.690027977	1.009822367	0.722408027	9.284064073	19.99435208	491.3668406	0	
78.2265625	36.32174255	2.317175161	8.34715881	28.60618729	62.61038088	2.005419558	2.701474197	1	
159.375	46.30604712	-0.759982543	0.788220041	45.07859532	69.13733009	1.087051338	-0.447272003	0	
120.7421875	46.91269253	0.096401948	0.224088239	1.216555184	11.3198745	14.42262858	260.0813722	0	
100.7578125	36.71591661	0.463232417	1.796687768	1.840301003	13.62715717	10.66831968	144.5165597	0	
21.7265625	32.54461237	5.72888015	33.54114171	159.1346154	84.21124957	-0.477637589	-1.313405271	1	
104.6953125	52.20595611	0.29551081	-0.325786272	5.445652174	29.91472646	5.813541071	33.94921067	0	
125.765625	47.97223878	0.138065831	0.271163115	2.693143813	21.16151425	9.551912717	96.762713	0	
108.7109375	47.563798	0.21272002	0.350972053	5.108695652	26.95496476	5.983512421	38.58865151	0	
111.0625	41.0945461	0.296454157	0.602521513	1.158862876	14.4404502	13.42912484	188.4451582	0	
108.40625	45.34527909	0.292203713	0.420063242	2.190635452	17.08909701	9.157441641	95.77647548	0	
125.8203125	47.63294448	-0.067936961	0.41658857	6.831939799	31.57071507	5.12784442	26.87861887	0	
90.1328125	38.85457082	0.586739061	1.675733418	3.775919732	21.38666845	7.189355151	59.68389616	0	
106.7109375	50.91539434	0.27965041	-0.252236069	104.5677258	86.24821996	-0.152780791	-1.602935868	0	
106.875	46.25472949	0.436948699	0.264622908	3.269230769	16.58114	7.361839922	72.47248868	0	
113.171875	47.97266627	0.168852739	0.389500982	1.616220736	14.54794993	10.99568533	138.4815355	0	
98	41.35403547	0.563902271	0.985143996	1.025083612	10.01842982	16.64814209	364.5015953	0	
130.3359375	50.01550968	0.093184385	-0.26789413	5.830267559	24.46187643	5.240569405	31.12963309	0	
124.3046875	45.45663431	0.179666187	0.356175757	2.900501672	19.62127113	8.722059609	87.63960302	0	
111.9609375	44.59757602	0.361592559	0.593320595	3.357023411	16.68978597	6.89302239	63.75380615	0	
138.4609375	53.39401042	0.049593332	-0.475582018	25.76170569	72.35055573	2.463721135	4.105936745	0	
99.515625	42.74067595	0.407026793	0.980011047	4.305183946	24.55056906	6.792209429	50.47443927	0	
129.96875	43.07641058	-0.177387506	0.346604484	10.02424749	39.15448667	3.960912434	14.84335721	0	
93.921875	51.66230634	0.427832653	-0.209977956	1.536789298	13.07968188	12.27154185	180.7040667	0	
93.125	38.06244869	0.59041773	2.052424608	1.994983278	13.29086649	10.57561057	148.5655637	0	
122.3984375	52.99754414	0.311513075	-0.210571752	2.783444816	17.1365486	8.203993288	80.25974744	0	
110.8203125	48.24521246	0.056653649	-0.538265378	2.930602007	15.63925577	8.195036721	89.65781084	0	
114.9609375	49.20419862	0.007199233	0.089544291	1.215719064	12.39114288	14.19751267	235.5793489	0	
130.6875	50.41077359	-0.028616189	-0.114984237	2.494147157	16.8813229	9.266651691	101.6236438	0	
126.453125	47.88280931	-0.01004777	-0.231388743	2.606187291	15.45333666	8.727141634	98.68239974	0	
117.6640625	41.57133879	0.274185623	0.8644343	2.029264214	13.85399185	10.81794756	146.4164894	0	
117.984375	47.75997677	0.127064776	-0.381852612	2.610367893	14.16796139	8.732189124	108.0942551	0	
106.3046875	51.39241776	0.385041256	-0.093450881	4.115384615	22.46439168	6.843944011	53.6419805	0	
105.046875	47.0855039	0.408034355	0.331754041	3.5409699	26.12980513	7.5785166	57.36771316	1	
163.2265625	38.42915862	-0.504786699	1.506960924	18.56187291	55.24653186	2.663092783	5.176117512	0	
98.453125	43.74836772	0.55690376	0.545368928	1.401337793	14.52789261	12.95968536	186.5619246	0	
91.640625	44.11397426	0.225166783	0.60873626	1.149665552	12.8502505	12.94366564	190.6465859	0	
143.71875	49.02724649	-0.201419056	0.047926706	1.962374582	11.99907002	11.26837531	185.0741839	0	
91.75	49.35331802	0.321414059	-0.230324608	1.142976589	11.83133102	13.72058546	226.4067916	0	
114.6640625	47.5187919	0.103979214	-0.018457874	2.885451505	21.27690716	8.311412859	73.53109899	0	
102.0625	49.17534793	0.323326037	-0.138127857	2.357859532	14.19179529	9.096706053	111.9193778	0	
157.8828125	44.40696403	-0.425179573	0.457416546	2.204013378	16.95484414	9.86502431	108.5895812	0	
36.2421875	49.23282475	2.994303041	8.015796389	175.576087	63.16203929	-0.973597354	-0.520384063	1	
128.1328125	47.32787417	0.297770972	0.210070907	6.716555184	34.37731947	5.168085763	25.73211142	0	
124.171875	54.70576258	-0.014250508	-0.508310247	3.933110368	23.5883497	6.896826366	50.1152334	0	
114.5390625	53.51954992	0.238108168	-0.487058541	3.846989967	21.49642187	6.470862404	46.4928347	0	
129.375	70.37999538	-0.004721887	-1.239225377	13.84364548	39.05863187	3.180325713	10.38473001	0	
102.3984375	37.08127472	0.284690127	1.474853202	1.702341137	17.33508133	10.98567055	125.6586586	0	
130.3046875	48.37848156	-0.230986401	-0.297219826	4.858695652	24.99185686	5.984103226	39.24830575	0	
125.4296875	50.14598744	0.137147836	0.04157941	3.101170569	17.93221066	8.362797841	83.22856906	0	
89.3359375	42.77087892	1.203622763	2.942802735	7.311036789	33.7223601	5.172775286	27.67197695	1	
117.90625	44.92501348	0.440930812	0.31289228	11.50250836	40.27764213	3.569731437	11.96257793	0	
127.9296875	47.68421247	0.316462973	0.058934664	1.847826087	12.0265281	11.85201214	194.1600125	0	
103.765625	42.25304804	0.409956129	0.60943687	3.071070234	22.7326868	8.781005595	81.74825225	0	
124.171875	39.94099347	0.218279594	0.866638945	36.72993311	68.19457314	1.47514399	0.499791938	0	
114.84375	49.03210643	0.256468823	0.052903026	1.158026756	11.53688041	14.77568975	260.6284454	0	
39.2109375	31.00167645	4.553259937	25.26928711	25.30267559	52.1755497	2.472872891	5.780820366	1	
118.1875	50.03245041	0.126642354	-0.437521423	1.428093645	12.61882705	12.44954293	191.2483762	0	
144.6640625	41.56006146	-0.367212037	0.522505134	2.985785953	16.49984186	7.659259276	75.2380703	0	
97.9140625	47.81246362	0.719246046	0.949105507	37.51672241	67.68160672	1.558327003	0.872523036	0	
126.890625	45.66936788	0.097719465	0.03574724	1.779264214	13.76874599	10.66464748	143.026532	0	
45.09375	28.60955847	4.156460264	26.19820242	34.56521739	67.78224722	1.872009904	2.171717456	1	
143	44.55263741	-0.227530927	0.285200441	5.099498328	27.732525	6.363744733	43.28396621	0	
121.8359375	42.50253252	0.480388255	0.933689231	10.84782609	41.02785073	4.028724928	15.56852975	0	
137.484375	51.00198899	-0.299656793	-0.074809081	0.867056856	11.6492016	16.57670821	305.172682	0	
108.7578125	46.08920462	0.308510895	0.377596212	2.080267559	15.0969081	9.577316827	112.6833239	0	
143.7421875	47.7652538	0.045200303	-0.275533582	176.9899666	78.62486543	-1.393412865	0.547924875	0	
95.9453125	37.50214756	0.652560125	2.343041278	3.481605351	17.80601049	7.559978852	73.81321824	0	
110.921875	50.33770477	0.298539986	-0.31036607	2.133779264	18.58579931	9.677404819	100.192006	0	
102.5	41.44744413	0.279414851	0.793301444	1.852842809	12.85857275	10.86951951	158.691887	0	
115.1015625	47.12994666	0.333484912	-0.048367387	3.180602007	17.8550694	8.615841564	90.99037258	0	
132.3671875	45.0913779	-0.015011342	0.455892296	5.434782609	28.13393542	5.520770628	31.45380023	0	
128.8046875	57.42890423	-0.060550293	-0.44881171	3.105351171	19.07055913	7.303647521	61.99628322	0	
25.1328125	34.70666612	4.815266857	25.22566306	91.40468227	86.55596395	0.390899123	-1.237220689	1	
98.2265625	44.63921602	0.742023582	0.989412033	33.21488294	67.03263678	1.753288899	1.541358981	0	
91.7109375	41.44332582	0.632738177	1.094604845	11.98494983	42.79030038	3.548825995	11.33852664	0	
116.3125	45.6578221	0.425279831	0.315504622	2.137959866	17.41847318	9.828214449	106.8313842	0	
122.3828125	55.96568719	0.095371655	-0.713314903	0.760869565	11.1326604	17.09836446	322.5411619	0	
107.2265625	36.60520259	0.32813054	1.8969579	2.87458194	18.34022543	8.083377652	75.86913988	0	
136.0078125	52.99741976	-0.138970632	-0.413871851	2.725752508	15.47821986	8.590834061	95.44352046	0	
123.1875	50.8199564	0.20263543	-0.218687384	1.785117057	17.08638721	11.06653728	131.6406412	0	
70.671875	32.07074927	3.100675775	14.54066804	16.59949833	48.08467969	3.232253341	10.05964267	1	
93.9296875	37.88699967	0.352917788	2.046485116	1.00083612	10.84433021	15.43465653	295.5145578	0	
111.2890625	57.13349941	0.419450497	-0.466672481	168.2583612	91.61255649	-1.090744654	-0.525926059	0	
126.0234375	56.6315483	0.262599764	-0.624365821	2.72826087	16.34629137	8.794662896	94.70595939	0	
126.03125	55.24108207	-0.022869479	-0.55910988	2.053511706	13.34324874	10.2890452	142.8145146	0	
116.265625	51.11789137	0.155101457	-0.340573899	3.528428094	18.26184578	7.012274716	61.8624037	0	
114.515625	43.69621415	0.121559604	0.208866219	0.948160535	13.26683905	15.24233418	244.2242589	0	
101.3359375	39.52279353	0.479354004	1.482347652	1.531772575	11.75899971	12.67763032	214.0031599	0	
130.265625	42.32398928	0.28816785	0.154343065	0.924749164	10.65345059	17.23772744	349.022186	0	
111.8984375	46.32676734	0.059808041	0.048164933	2.406354515	15.8034148	8.763743812	94.21739714	0	
79.8359375	38.73200738	0.835316999	2.014008974	2.118729097	14.68257051	9.246478457	108.138137	0	
102.359375	42.19555189	0.297715014	0.428645529	21.01755853	51.94934688	2.246383105	3.525933751	0	
60.4140625	43.64944289	2.735270575	7.695856564	178.7006689	75.10933413	-1.283502152	0.482473988	1	
131.40625	45.0807327	-0.160691114	0.337551369	1.918060201	13.50194987	10.96518564	156.2535091	0	
115.8046875	52.57391502	0.183839911	0.007186382	1.234949833	11.85168162	13.53483635	224.7829465	0	
139.78125	66.88947711	-0.280868669	-1.169241732	2.683946488	21.10137444	8.806097052	79.95945791	0	
24.953125	30.35849844	6.592260045	46.09974488	47.05351171	61.68625828	1.505857193	1.832977269	1	
43.8359375	29.16755939	5.37773886	35.34372686	56.36705686	71.10855297	1.240486371	0.495013089	1	
107.0859375	40.35294044	0.462706873	0.904377049	1.008361204	10.20246201	16.49249404	348.5268531	0	
142.2890625	49.05611461	-0.111128087	-0.096114076	15.65133779	49.30315077	3.073278401	8.20273753	0	
119.3125	44.71939421	-0.019701903	0.115633934	1.7090301	12.35649202	11.45882762	177.5906202	0	
106.4921875	48.44713551	0.101327797	0.131655743	2.47826087	17.60863165	10.80918601	131.6892459	0	
75.9140625	36.06180184	0.767941197	3.259131301	2.283444816	16.23275808	9.396262298	103.0994353	0	
115.875	46.07195459	0.178644178	0.108238716	3.52173913	22.17037318	7.151723994	55.85660271	0	
145.515625	47.82421987	-0.144941624	-0.064160488	0.79180602	10.07460298	17.77944407	381.365173	0	
102.2578125	49.71877885	0.315767689	-0.079812152	1.70735786	12.44914657	11.62145497	179.094277	0	
47.7578125	32.27802709	3.746990403	18.27576439	29.48327759	54.05697064	2.30599484	5.082159436	1	
121.296875	46.55966592	-0.050995023	0.088793411	3.14632107	18.97039133	7.959417861	73.5925599	0	
59.203125	66.46067439	1.507330554	1.232719234	104.5944816	75.20402752	0.517452559	-1.190765047	0	
129.171875	51.54020114	0.133561192	-0.174616458	6.18645485	34.03307732	5.560734251	29.89193035	0	
140.6171875	40.86298009	-0.122645985	0.673756222	1.280936455	14.50756939	13.34364643	192.9143744	0	
134.609375	48.38262769	0.031232892	-0.058767792	1.970735786	15.77485764	9.712805395	107.7832396	0	
135.7890625	44.08508328	-0.027370359	0.025731105	3.0409699	18.4943495	9.444350567	104.5383011	0	
133.1328125	53.14225765	-0.126608942	0.059228296	3.99916388	24.23934789	7.091702161	54.07947647	0	
120.3125	45.74876194	0.140159199	0.077751493	1.684782609	16.79435332	11.06860893	129.2479671	0	
154.6171875	56.59921061	-0.553648214	0.027661094	0.913043478	10.7895247	16.66765708	325.4902085	0	
97.328125	48.50678261	0.544474095	0.500545125	1.913043478	14.86862639	10.44023045	129.2574601	0	
119.5	45.21943028	0.16640085	0.395791052	1.078595318	12.91406547	14.79037592	241.7242706	0	
108.734375	46.1981947	0.221453671	0.156551177	3.294314381	18.03657565	7.569446037	68.59477965	0	
110.8515625	49.74985707	0.15247457	-0.13310839	3.616220736	19.45539546	6.702815404	52.44846068	0	
138.0546875	48.43799332	0.15272783	-0.04411327	2.602006689	15.40318114	9.905255543	129.2692643	0	
89.875	42.00855568	1.018144068	2.362974216	2.907190635	18.55482471	7.842075704	73.16355856	0	
127.9921875	50.72759605	-0.065354261	-0.393038036	1.173913043	14.39463581	14.08772324	213.9224479	0	
112.421875	43.68845839	0.442356339	0.463952655	25.73578595	59.32650507	2.090990129	2.870576444	1	
84.0390625	38.94395058	0.668006651	1.586057512	1.793478261	13.49457928	11.43353195	161.9078326	0	
121.1484375	50.78433104	0.109886156	-0.229745029	2.994983278	20.09854422	7.534356506	61.9441756	0	
123.828125	49.61289358	0.225556765	-0.067658364	1.367056856	14.85064614	13.47996527	198.7125278	0	
97.2734375	54.62596035	0.364745386	-0.193731295	188.2959866	80.17743294	-1.486332582	0.791278687	0	
93.5546875	51.09684564	0.866202418	0.577738986	122.3494983	79.08014176	-0.25520488	-1.071280228	1	
123.5234375	41.31622805	0.189964644	0.564498061	3.971571906	23.08905678	7.080362919	55.1146909	0	
89.921875	43.03661402	0.67362286	0.819435257	1.846153846	17.43975997	10.65358957	121.8883135	0	
113.9765625	56.85253194	0.230092334	-0.476968922	8.698160535	32.44908587	3.858930964	14.62648204	0	
102.375	37.09384214	0.455169606	1.688894637	3.783444816	21.8579886	7.27924553	59.53614543	0	
107.0078125	46.76378408	0.364621738	0.128158035	2.602006689	20.5954535	8.635317148	77.8080129	0	
106.4296875	40.31529711	0.4008199	0.684279696	6.943143813	30.6247399	5.082740755	26.95334183	0	
144.0078125	51.10963952	-0.103120276	-0.52045906	2.972408027	22.63214797	8.495215046	74.93589777	0	
130.328125	39.50002163	-0.179130596	0.406516224	2.245819398	18.91000799	10.47705862	117.9561296	0	
129.6015625	47.70454968	-0.113748467	0.019785004	2.065217391	16.80407741	9.894397637	111.8511036	0	
120.265625	48.16110405	0.392295126	0.110808867	1.313545151	11.98471088	13.10738054	211.8084809	0	
136.0390625	55.60258008	-0.053742698	-0.431335674	1.571070234	14.43225899	12.05999918	167.3221491	0	
81.4921875	41.8940248	1.713023018	4.353030799	11.13377926	42.44552475	4.089118083	16.22271112	1	
103.046875	43.35227419	0.299448957	0.701160553	2.015050167	13.04602507	10.29961859	146.4109663	0	
113.5390625	51.05387815	0.384988536	0.118411255	3.755016722	24.8505772	7.259584648	55.20859592	0	
131.65625	51.24701782	-0.105251488	-0.144740484	1.849498328	12.51497129	11.150694	169.7521542	0	
119.65625	45.97833007	0.346986766	0.629663031	3.370401338	27.31543281	8.011788013	62.44816464	0	
125.2265625	49.63117324	0.06662021	0.335278058	1.928929766	15.33437127	9.904928807	114.4873467	0	
128.921875	47.81762381	-0.067437794	0.095442447	1.530936455	15.4963545	12.25634806	167.0742339	0	
109.8671875	51.39770956	0.264218134	-0.309877751	0.66722408	10.64647614	20.99217866	469.9158655	0	
91.1796875	48.61141095	0.516229326	0.717386162	3.573578595	19.86897981	6.784047165	52.92926852	0	
131.0078125	55.74614562	-0.006112052	-0.579011603	2.282608696	14.26377402	10.21265188	136.6893232	0	
104.6484375	47.00441965	0.457329343	0.399993467	12.06187291	43.64041863	3.581886841	11.59104222	0	
83.875	54.50114678	1.315388193	1.080489117	0.805183946	9.37341326	21.09054309	513.7204272	0	
131.1953125	49.26444246	-0.09138718	-0.335442519	2.587792642	16.70098484	8.243742155	82.82658561	0	
110.75	49.62279592	0.276673145	0.018174548	5.753344482	29.10964506	6.073729256	39.28302728	0	
143.3515625	49.95178767	-0.203781168	-0.273851014	3.641304348	22.37909021	7.357232992	59.14659412	0	
123.5390625	59.32364916	0.00973176	-0.969364623	29.07859532	65.77938076	1.955314191	2.118895901	0	
105.328125	43.98741109	0.468792663	0.817826222	4.433946488	31.7040266	7.02880467	47.54021867	0	
109.4453125	38.0589199	0.302200592	1.107725397	14.81020067	43.70589909	3.061045832	8.690884812	0	
116.34375	54.80682518	0.052964305	-0.353824516	6.054347826	31.90547635	5.613291888	31.42941364	0	
32.9453125	28.91509894	5.367896009	36.06979279	25.26337793	60.78216516	2.378192442	4.444621198	1	
88.734375	39.0961324	0.776405094	2.058646098	4.049331104	24.3016868	6.822022856	50.27895241	0	
129.8984375	50.58221029	0.036332414	-0.298442521	2.170568562	13.22221969	10.67177018	153.6812272	0	
89.171875	53.37077111	0.96260195	0.183685809	115.09699	65.06750257	-0.503613974	-0.85527391	0	
86.8203125	49.02700684	0.946273471	1.208269737	3.054347826	19.57793506	9.13664447	96.28819525	1	
92.5859375	44.4827086	0.526117304	0.881490014	2.574414716	15.07374229	8.426772317	93.98684113	0	
124.859375	55.56762974	0.018782805	-0.463299233	14.61956522	48.07143429	3.253722219	9.329890455	0	
87.7421875	37.22718389	0.723837631	2.47842301	2.006688963	15.77172936	9.899177823	111.634958	0	
103.703125	49.09387681	0.451433221	-0.149951872	1.214046823	11.62769744	13.55265564	231.4907706	0	
132.9765625	39.25068965	-0.190663109	0.71935469	2.005852843	14.53679908	9.956426993	122.1164601	0	
141.4296875	51.58801393	-0.387278277	-0.045252409	0.369565217	7.804608673	29.76545311	949.7002887	0	
93.53125	35.64581355	0.381298137	2.463680419	1.58361204	12.24064173	12.15441474	191.5344969	0	
144.453125	52.15869106	-0.311328867	-0.289645347	1.081103679	13.22550531	15.30033692	261.1072275	0	
116.953125	54.64242562	0.257419039	-0.385218522	1.423913043	16.16408536	12.09631623	152.7872795	0	
94.96875	47.82012807	0.591464007	0.238045175	1.107859532	13.60586775	14.29435873	222.0328973	0	
134.5234375	45.7269349	0.256510623	0.200759898	12.62541806	50.01404642	3.73161888	12.02436909	0	
120.2109375	49.1270121	0.005489631	-0.210546713	10.05852843	35.21277777	4.056812267	18.02978376	0	
112.6171875	50.01657867	0.196981864	-0.314346243	1.427257525	12.52718353	13.19238767	211.0170712	0	
129.953125	46.11023805	0.058844114	-0.050617247	2.094481605	14.75061145	8.902093381	101.0937897	0	
79.28125	41.13581497	0.856891893	1.725450723	2.131270903	16.42456127	9.839176881	112.1320559	0	
139.3359375	49.33879643	0.018377689	-0.303914881	3.011705686	18.75082687	9.040004894	94.25887194	0	
166.5546875	58.50651788	-1.251603806	0.751712906	0.564381271	9.733834152	22.43220606	532.6815624	0	
91	42.13612613	0.406781626	1.041257986	2.112876254	14.09688649	10.23829714	134.0443213	0	
95.09375	46.89623477	0.509591116	0.18068176	9.449832776	34.19313616	3.715105535	13.31516997	0	
90.78125	43.36598204	0.77709762	1.818241352	1.826086957	12.49106122	11.07943839	168.3648453	0	
100.0703125	48.70289128	0.652336114	0.358615628	13.90802676	48.35943914	3.468044065	10.7373052	0	
119.3046875	50.83406808	0.058504306	-0.399833875	2.81187291	17.30753387	9.485307359	108.3479421	0	
98.8125	46.79655937	0.242821425	0.090769048	93.19899666	90.13954547	-0.03797591	-1.936992102	0	
122.28125	54.62370386	0.002341412	-0.41012005	0.927257525	10.83660461	16.4484886	321.7412193	0	
100.65625	37.60411328	0.512265504	1.422392546	2.036789298	13.61370981	10.80270377	151.8944669	0	
96.3203125	46.13667427	1.033361548	1.625056717	4.243311037	26.74649035	7.11097787	52.70121754	1	
123.0234375	50.19842889	0.221603665	-0.178294976	38.35284281	70.2795725	1.471177036	0.524189578	0	
128.46875	54.75255951	-0.265409181	-0.389773871	6.702341137	32.96529585	5.237655805	27.48565743	0	
106.3671875	46.88431092	0.59113625	0.64599645	1.236622074	13.88762942	12.68935727	175.7387166	0	
115.5546875	54.40556736	0.027173531	-0.330743906	2.246655518	14.42887749	9.104695749	108.5719736	0	
89.9609375	38.57630473	0.690419096	1.872355442	4.134615385	22.64698048	6.478064004	46.29338626	0	
134.890625	55.07781915	-0.139759422	-0.628622776	3.284280936	17.98195269	8.347579405	88.10811859	0	
140.1328125	56.3406729	-0.333803348	-0.472839969	67.61789298	73.19863693	0.193748693	-1.875504854	0	
111.515625	38.58816698	0.261582144	1.251316391	2.06270903	19.30451056	10.58818139	118.0790442	0	
134.7109375	44.29608341	0.191711534	0.308237411	2.70819398	20.42289439	8.54912745	78.67869195	0	
101.703125	43.90247704	0.171922232	0.283719729	5.737458194	28.65490032	5.609646849	33.41528716	0	
106.078125	39.06237187	0.418752667	0.776807733	12.58528428	39.81527476	3.193283485	9.401106049	0	
37.484375	42.82358148	3.227628728	11.1104865	1.466555184	13.5652043	13.28380171	198.4579322	1	
127.3125	48.54230597	0.403844919	0.358548457	3.690635452	23.09703131	6.964064669	51.44266448	0	
99.421875	46.19483355	0.539607836	0.734160418	3.826086957	20.47361109	7.229393913	60.98968965	0	
141.625	48.57597143	-0.272483785	-0.322693095	1.515050167	15.24380265	12.71810262	176.1396302	0	
132.421875	42.25787822	-0.003499899	0.382884813	2.701505017	15.68754372	8.96910582	102.8664555	0	
113.5390625	47.92717495	0.20608472	0.308777675	2.789297659	18.07132152	8.650970204	89.07106631	0	
122.9140625	46.87750449	0.238377858	0.297411257	3.977424749	22.42729596	7.452401933	63.34963398	0	
149.6640625	48.93542897	-0.288795702	0.025900189	2.469899666	13.87756775	9.610458689	128.9612193	0	
133.53125	42.80094506	0.119740829	0.369288182	2.070234114	14.27378319	9.931065134	124.9240606	0	
120.671875	45.95549977	0.169829069	-0.105485044	2.954849498	21.85360156	7.961985107	66.20941867	0	
121.6796875	49.27679056	0.12814409	-0.309902213	42.40050167	70.28136929	1.344230456	0.293387822	0	
97.1484375	37.16014537	0.457631862	1.767783367	2.464882943	17.64641391	9.645038661	104.4543235	0	
82.4296875	47.39456779	1.084620859	1.849159946	85.93729097	88.0720398	0.28630973	-1.594326498	1	
121.1796875	39.79133731	-0.029067387	0.863590143	1.220735786	13.0103421	13.62790979	211.9393622	0	
93.9375	37.64342365	0.284481419	1.655723779	1.75	16.78773267	11.06509167	133.2348717	0	
106.890625	60.36881883	0.374867738	-0.710808631	1.144648829	13.87660551	14.95015275	246.2772252	0	
114.140625	50.19473553	0.277159875	-0.093180836	0.844481605	11.56474697	17.89765395	354.174606	0	
33.2265625	30.45724843	5.296370877	31.05885068	26.70568562	57.7051843	2.45648463	5.328990924	1	
192.6171875	56.92609259	-1.876011181	2.444697879	20.02424749	53.10324941	2.764808733	6.341108346	0	
112.5703125	40.40859353	0.369606583	1.154466251	0.870401338	13.42366353	16.45809591	278.5807942	1	
35.640625	42.05200173	3.641673929	12.98391902	67.32608696	71.43243426	0.805389421	-0.306078538	1	
126.5859375	45.3218572	0.001026457	0.047810622	2.391304348	18.9440487	9.272295027	94.03496706	0	
115.0390625	52.53397745	0.072392003	-0.427298261	5.933946488	28.7653083	5.121409292	26.45260411	0	
140.7265625	48.16162808	-0.284626023	-0.168535352	1.04264214	9.888543811	17.26398739	385.4496986	0	
124.4765625	49.43745494	-0.063500036	-0.171403149	1.944816054	13.11820322	10.63922638	150.2222328	0	
135.421875	49.86303261	0.020081468	-0.073446825	0.576086957	10.02697349	20.39729429	452.9871756	0	
121.5390625	48.91956126	-0.049874814	-0.013090931	2.984113712	21.04173862	8.362402844	77.12413734	0	
35.015625	36.52973626	4.047037688	18.55782727	53.37040134	64.7635067	1.294091502	0.83847887	1	
113.65625	42.05900571	0.392402228	0.638595892	9.760033445	36.33852505	3.867539259	14.78367153	0	
117.265625	46.04065533	0.034169187	0.060649718	2.988294314	17.28305171	8.459400982	86.02181515	0	
39.6796875	27.81156841	4.935367337	31.86928134	42.76086957	69.85515119	1.661062281	1.636328792	1	
76.5703125	39.10596254	0.807330789	2.174818818	1.868729097	18.19906624	10.55616694	115.6891888	0	
104.0703125	47.0133265	0.566112129	0.291526525	1.954849498	13.72683704	10.40096114	138.9478318	0	
107.5625	45.08806487	0.52793537	0.020800994	1.684782609	12.21553109	13.60414001	237.3665416	0	
95.6796875	42.00612559	0.311358029	0.391926512	1.545150502	16.43550692	12.03006133	151.3141932	0	
110.2890625	47.38706185	-0.008844122	-0.156399258	1.369565217	11.6531769	12.96003202	220.5976163	0	
80.1484375	37.09491412	0.632101998	2.408713702	2.423076923	19.00989716	8.965977545	87.67688646	0	
97.1484375	47.7593397	0.554079747	0.444740248	1.090301003	12.54830957	13.73697296	215.365048	0	
107.1484375	49.9445145	0.255958717	-0.122090413	0.702341137	11.15570978	17.93337211	343.1815908	0	
85.9453125	40.75868554	0.632317581	1.109500719	2.487458194	14.36803668	9.207816307	115.233762	0	
107.8984375	40.19538994	0.257418527	0.594479862	2.322742475	16.47780055	9.158020984	98.04498483	0	
120.0234375	47.68278398	-0.028609971	0.148781407	3.408026756	18.63392461	7.331756388	64.8512082	0	
124.4296875	48.1979453	0.160780816	-0.141045228	56.13545151	83.49463793	0.830307789	-1.274594823	0	
118.484375	50.60848255	-0.029058829	-0.027493763	0.422240803	8.086683818	27.44611273	830.6385502	0	
116.03125	49.34175107	0.170829511	0.11690359	4.302675585	25.20790526	6.818656231	49.77533534	0	
128.765625	54.13084327	0.208937988	-0.707188997	6.131270903	29.73444888	5.498172137	31.20143525	0	
149.0078125	53.06592246	-0.31595724	-0.118581169	5.561036789	24.56178722	5.406970558	33.00660382	0	
108.578125	37.18904606	0.063009852	1.291075951	4.212374582	20.22155827	6.042739006	42.5831471	0	
96.5078125	53.98871353	0.486351002	-0.419461005	5.286789298	26.04370894	5.642359123	34.46885871	0	
110.59375	50.75714813	0.233798252	-0.415347091	2.93645485	17.2921283	7.58404583	70.64036309	0	
135.234375	55.18880723	-0.04827517	-0.459679198	1.412207358	11.66949335	13.02480547	221.3496774	0	
106.96875	45.58970167	0.257192611	0.05567	2.596989967	14.46156679	8.977937292	108.6958598	0	
124.4140625	53.42291867	0.147424544	-0.455251861	1.723244147	11.02290841	12.83343151	245.1832824	0	
109.875	46.74665763	0.157274165	-0.027049271	1.846153846	14.7522373	11.34845777	150.1584635	0	
128.515625	44.28317689	-0.014846344	0.465793377	2.568561873	16.04986424	9.475928536	110.9573145	0	
127.15625	45.75895362	-0.0253918	0.25750424	3.176421405	22.51669346	8.653334018	79.60660729	0	
129.796875	55.3339802	-0.135351953	-0.208971883	0.888795987	11.74770346	15.85083227	278.3010281	0	
99.40625	52.43156812	0.323144851	-0.086408425	3.716555184	27.38629445	7.368160976	53.34011353	0	
147.3046875	44.34004937	0.069867084	0.080364713	3.116220736	21.62230603	8.036341037	69.11336841	0	
136.875	42.29638726	0.044292161	0.301780579	0.904682274	9.813866963	17.57239424	396.5352086	0	
139.953125	47.42557646	-0.166735311	-0.021641535	2.117892977	15.1673049	9.734142929	112.6485949	0	
124.59375	54.12232059	0.157366957	-0.331439442	1.031772575	12.58419114	14.51642402	235.9695169	0	
146.125	52.39811542	-0.149564855	-0.192416748	14.04431438	46.11223631	3.292660807	9.581818546	0	
17.8359375	46.1198807	3.848161151	13.96497043	102.8118729	63.96920423	0.41307561	-0.548685368	1	
139.7265625	56.01641986	0.12343521	-0.750111997	6.885451505	32.99069123	5.069128591	25.63596367	0	
117.875	47.49194011	0.272645509	-0.116254882	2.218227425	13.92526765	9.865508129	129.9797767	0	
10.71875	30.84612453	6.234221114	40.41800566	110.0434783	70.86350898	0.078696343	-0.926748337	1	
118.03125	49.03282343	0.301117934	-0.075077997	7.844481605	33.0073605	4.413993234	19.36410073	0	
111.609375	46.87453906	0.226778771	0.149448614	0.547658863	9.168903908	21.60411151	534.824061	0	
98.34375	34.5648027	0.551081961	2.731646256	3.675585284	22.78032594	7.127793532	54.83429433	0	
75.9765625	42.61482005	0.760754075	1.507930867	2.452341137	18.48280145	8.498830135	79.56613624	0	
139.546875	64.86149418	-0.370589791	-0.926428483	4.89548495	28.98598346	7.092704552	50.53717908	0	
134.8828125	50.5271618	0.093248493	-0.035232256	16.50250836	55.56636781	3.116659343	7.896357357	0	
139.3125	45.37822819	-0.207084442	-0.079493615	3.251672241	18.44686953	7.623589094	69.66342392	0	
128.9375	52.30899032	-0.068031204	-0.242292574	2.092809365	16.93985767	9.973463884	112.590823	0	
32.7578125	29.80371886	5.264754928	31.87811134	55.73411371	70.15343581	1.309008666	0.743217219	1	
121.28125	50.4111126	-0.047301183	-0.025522793	3.702341137	26.46061049	7.715229325	60.69212047	0	
147.515625	51.17570596	-0.110280576	-0.558530378	2.014214047	13.84707322	11.27009878	163.2636006	0	
113.609375	54.56478867	0.339244541	-0.299175494	2.342809365	15.16639725	9.195380146	104.2679423	0	
116.3125	52.93978744	0.011651473	-0.30135617	1.136287625	11.83444837	13.96159728	232.686095	0	
103.7890625	43.86300626	0.42304693	0.721342176	0.884615385	12.96793308	16.2029334	275.7983767	0	
126.9609375	50.77530194	-0.077488273	-0.253869682	7.58361204	32.94051392	4.60171419	21.49589426	0	
122.578125	49.35388938	-0.34791312	-0.023765934	2.852006689	15.92900231	8.47432311	93.52650202	0	
107.15625	48.59726675	0.326173608	0.02605364	6.571906355	34.3388926	5.351523919	27.96954754	0	
123.5859375	43.75991447	0.323615273	0.565867778	6.503344482	32.44708822	5.108635192	25.48160592	0	
133.0625	54.71527866	-0.165966335	-0.339214539	2.953177258	18.88358496	7.858093272	70.47669976	0	
150.3671875	49.64040553	-0.241779457	0.247881218	2.265050167	17.7415244	8.662577158	81.65679005	0	
117.5390625	47.79561014	0.32289327	0.217889878	1.89548495	17.92976672	9.943131725	103.0286784	0	
128.3671875	65.7315648	0.172012301	-0.986426319	6.796822742	34.0742062	5.130599015	25.61867365	0	
84.5703125	36.78626688	0.82294796	2.842417752	4.12541806	24.09858493	6.574850884	46.62523517	0	
126.5625	40.25305695	0.062489168	0.431275602	2.380434783	20.49557221	9.514008553	95.38102129	0	
109.8125	50.70606935	0.288408134	0.0249441	2.081939799	13.71021059	10.29887738	138.2051761	0	
60.6171875	36.95290945	1.990752996	6.657364325	20.83946488	55.8778767	2.743936695	6.5001087	1	
111.0703125	33.78335935	0.464626165	2.310879482	1.699832776	12.82051424	11.60922563	171.0234465	0	
85.5703125	41.01918065	0.544897883	1.077781575	1.788461538	17.09684887	11.15910727	134.1178509	0	
112.8515625	49.03937988	0.361664832	0.168316179	2.158862876	15.90707274	9.941431581	116.5270648	0	
144.390625	49.72851835	-0.164550727	-0.101165721	3.842809365	22.89087184	7.448300386	61.85352073	0	
105.1640625	38.56139126	0.23783368	0.885980706	1.918060201	17.2442121	10.07313942	110.0336355	0	
112.5	53.69212	0.241118596	-0.285296352	1.775083612	12.98630928	11.50317838	167.8916041	0	
129.859375	47.69544239	0.037367184	0.034482669	2.982441472	16.1243763	8.287479327	90.48175556	0	
88.0859375	38.40146224	0.660296117	1.622869543	1.204013378	13.8236692	13.03872101	185.6104876	0	
114.2734375	52.59065311	0.249983111	-0.018480168	2.465719064	17.47366854	8.411201128	79.97744117	0	
96.3828125	43.49373538	0.696004323	1.008207786	3.201505017	20.61537476	7.768643631	67.67832258	0	
110.1015625	44.89777275	0.420535629	0.134953688	1.884615385	12.61575424	10.92185494	164.6528258	0	
122.1171875	48.37429281	0.031772046	-0.003310549	2.631270903	16.74549783	8.152841515	80.52836096	0	
103.4765625	50.85395216	0.341570574	-0.113818352	2.116220736	15.72668007	9.551683604	107.1450475	0	
113.78125	42.11756936	0.320790308	0.921923271	3	22.82084507	8.49942367	74.89834001	0	
137.1484375	45.33005519	-0.112947916	0.015257723	4.969899666	32.16557962	6.347297164	38.5020214	0	
107.3046875	43.73045252	0.293664228	0.046650665	4.320234114	23.7800391	6.383404053	44.6408636	0	
123.671875	56.23862515	0.061304988	-0.575957603	6.330267559	31.78268791	5.25638164	27.36100401	0	
115.578125	41.49503159	0.348293552	0.807452446	3.129598662	22.8592266	8.005015948	66.55412038	0	
123.3828125	50.45296713	0.011410385	-0.388580025	3.509197324	21.82407041	7.146556531	54.44826751	0	
93.4453125	42.80256428	0.52954916	0.700651469	3.486622074	22.30296083	7.113588841	54.52460856	0	
16.875	37.97429229	4.59064206	21.78251449	117.6421405	48.98592758	0.877831858	0.607236595	1	
133.734375	51.31542841	0.223492804	-0.324312304	1.986622074	14.09848856	10.17022034	129.6216084	0	
16.5234375	32.93102755	5.621086451	32.82642694	94.19481605	71.69499224	0.55342957	-0.41287012	1	
95.4609375	40.18995956	0.8337923	2.240871328	3.975752508	22.83194926	7.067690415	55.80504223	0	
137.078125	52.71986838	-0.229356149	-0.113411663	3.071070234	19.50865855	7.672466015	65.99013426	0	
117.0390625	44.92831136	0.246678318	0.071911629	2.173076923	19.31916349	9.522359495	94.17665468	0	
141.1640625	47.71821215	-0.024153871	-0.238377995	2.77173913	17.55180304	8.443938572	84.32985201	0	
135.2890625	47.05202446	0.041443795	0.148631099	1.005016722	12.57791669	15.76360865	269.2622083	0	
83.9375	45.71271534	0.74877682	1.342901713	1.747491639	12.07057502	11.83855704	195.5000661	0	
12.0234375	39.73986994	5.089784945	24.89940135	156.1229097	74.02270132	-0.432160664	-1.017396537	1	
85.96875	45.88741956	0.935675856	1.487672804	2.12458194	18.15605976	10.03641461	108.8442704	0	
139.875	40.97750908	-0.471452487	0.751470928	2.155518395	13.43039387	9.963954253	134.9793988	0	
27.53125	33.4957874	4.838103704	25.53491373	58.18311037	67.56148506	1.061692631	0.407921551	1	
126.625	55.33039965	-0.11259148	-0.441740666	1.865384615	14.5940992	11.21400699	152.8597667	0	
113.546875	52.68981451	0.038396599	-0.233323698	2.925585284	21.9708757	8.38316254	73.69727891	0	
142.078125	45.28807262	-0.320328426	0.283952506	5.376254181	29.00989748	6.076265849	37.83139335	0	
109.53125	49.9454292	-0.059247063	-0.162477433	3.842809365	21.80255823	7.292581132	59.30946925	0	
119.53125	45.43641462	0.106581482	0.447991732	4.587792642	22.35790848	5.784374622	38.06441395	0	
110.1953125	54.47549027	0.489785147	-0.031921393	19.28010033	56.00214376	2.875491226	6.861891535	1	
111.734375	57.72462705	0.178544354	-0.620595857	5.745819398	28.40204561	5.737869802	33.9851352	0	
97.28125	44.38819126	0.324231173	0.603065013	1.339464883	12.44500199	12.96334939	201.2663782	0	
99.5859375	45.99397504	0.096411519	0.068691197	2.033444816	16.22198285	10.61656673	128.8032053	0	
106.125	52.45846571	0.38944203	0.174857851	11.14297659	41.07756908	3.759342342	13.30851705	0	
143.984375	49.96905048	-0.070463303	-0.27404891	1.995819398	13.25833426	10.07891474	138.3379346	0	
139.84375	51.82338358	-0.073519921	-0.295464768	1.644648829	11.68704138	12.3289081	210.0924771	0	
129.5703125	46.51388966	0.066709496	0.088722665	96.56939799	91.1085172	-0.085366071	-1.923944682	0	
121.4765625	48.54572021	0.167668529	0.392626313	3.081103679	16.51737539	7.400722533	71.14502283	0	
93.359375	44.90888943	0.582497043	0.598259241	1.825250836	12.34646434	11.45502604	177.6668327	0	
118.359375	62.29901865	0.245739537	-0.63352573	7.987458194	35.43283264	4.612162537	20.87343034	0	
119.1953125	45.74949771	0.302839678	-0.027751822	11.60284281	46.9834379	3.820727314	12.68566172	0	
105.8515625	54.824021	0.37323576	-0.173338454	2.808528428	19.62404063	8.104637584	71.59989208	0	
138.1171875	49.95976836	0.04980599	-0.430349955	5.455685619	29.2428228	5.573285967	31.08306032	0	
135.078125	50.48183606	-0.117913188	-0.366185146	18.8729097	52.41920589	2.625045686	5.499947942	0	
142.546875	47.42870626	-0.128890924	0.108479194	1.898829431	13.77569834	10.46329596	136.9283809	0	
121.2734375	51.08352762	-0.049696733	-0.418949771	64.09448161	68.57258393	0.679129677	-0.60439872	0	
31.296875	35.84937224	4.260269381	19.16800831	199.5777592	58.65664338	-1.86231995	2.391870403	1	
123.125	50.92657091	0.125678648	-0.399647512	4.884615385	26.3644079	6.246371906	40.98263189	0	
76.34375	37.24820413	1.250119994	3.910899204	1.85451505	15.75679196	11.05969306	139.4287841	0	
110.515625	48.99361954	0.1209765	-0.216995758	1.423913043	15.79419467	12.3327067	159.8221244	0	
126.3046875	48.71674484	0.126609863	0.244633966	11.14046823	44.47653924	3.771070161	12.36761192	0	
17.5	32.71276509	5.727785457	33.62661951	98.8361204	70.27478246	0.603461049	-0.497938612	1	
109.640625	39.83790092	0.309137887	1.322247394	1.638795987	13.13328763	10.86928688	150.8929053	0	
124.8125	53.15348501	-0.382617094	-0.005655682	8.220735786	38.04195587	5.146605105	25.71237323	0	
